1410567420,s1-eth1,0.00,0.00,0.00,0,0,0.00,0.00,0.00,0,0,0.00,0.00,0,0
1410567420,s1-eth2,0.00,0.00,0.00,0,0,0.00,0.00,0.00,0,0,0.00,0.00,0,0
1410567420,eth0,0.00,0.00,0.00,0,0,0.00,0.00,0.00,0,0,0.00,0.00,0,0
1410567420,lo,0.00,0.00,0.00,0,0,0.00,0.00,0.00,0,0,0.00,0.00,0,0
1410567420,total,0.00,0.00,0.00,0,0,0.00,0.00,0.00,0,0,0.00,0.00,0,0
1410567421,s1-eth1,612801.19,13124.88,625926.06,13138,613414,406.59,198.80,605.39,199,407,0.00,0.00,0,0
1410567421,s1-eth2,13124.88,612801.19,625926.06,613414,13138,198.80,406.59,605.39,407,199,0.00,0.00,0,0
1410567421,eth0,0.00,0.00,0.00,0,0,0.00,0.00,0.00,0,0,0.00,0.00,0,0
1410567421,lo,267.73,267.73,535.46,268,268,3.00,3.00,5.99,3,3,0.00,0.00,0,0
1410567421,total,626193.81,626193.81,1252387.62,626820,626820,608.39,608.39,1216.78,609,609,0.00,0.00,0,0
1410567422,s1-eth1,725476.56,17466.53,742943.06,17484,726202,480.52,257.74,738.26,258,481,0.00,0.00,0,0
1410567422,s1-eth2,17466.53,725476.56,742943.06,726202,17484,257.74,480.52,738.26,481,258,0.00,0.00,0,0
1410567422,eth0,0.00,0.00,0.00,0,0,0.00,0.00,0.00,0,0,0.00,0.00,0,0
1410567422,lo,0.00,0.00,0.00,0,0,0.00,0.00,0.00,0,0,0.00,0.00,0,0
1410567422,total,742943.06,742943.06,1485886.12,743686,743686,738.26,738.26,1476.52,739,739,0.00,0.00,0,0
1410567423,s1-eth1,705733.44,14724.58,720458.06,14916,714908,467.92,223.10,691.02,226,474,0.00,0.00,0,0
1410567423,s1-eth2,14551.18,706629.94,721181.12,717936,14784,220.47,468.50,688.98,476,224,0.00,0.00,0,0
1410567423,eth0,0.00,0.00,0.00,0,0,0.00,0.00,0.00,0,0,0.00,0.00,0,0
1410567423,lo,0.00,0.00,0.00,0,0,0.00,0.00,0.00,0,0,0.00,0.00,0,0
1410567423,total,711894.62,714977.56,1426872.25,732852,729692,680.98,684.88,1365.85,702,698,0.00,0.00,0,0
1410567424,s1-eth1,640793.69,14529.12,655322.81,14718,649124,426.46,220.14,646.59,223,432,0.00,0.00,0,0
1410567424,s1-eth2,14702.97,639699.00,654402.00,646096,14850,222.77,425.74,648.51,430,225,0.00,0.00,0,0
1410567424,eth0,0.00,0.00,0.00,0,0,0.00,0.00,0.00,0,0,0.00,0.00,0,0
1410567424,lo,267.47,267.47,534.93,268,268,2.99,2.99,5.99,3,3,0.00,0.00,0,0
1410567424,total,663578.44,660421.62,1324000.00,661082,664242,659.34,655.34,1314.69,656,660,0.00,0.00,0,0
1410567425,s1-eth1,606929.19,14540.38,621469.62,14584,608750,401.79,215.35,617.15,216,403,0.00,0.00,0,0
1410567425,s1-eth2,14497.02,611139.19,625636.19,614806,14584,214.71,404.57,619.28,407,216,0.00,0.00,0,0
1410567425,eth0,0.00,0.00,0.00,0,0,0.00,0.00,0.00,0,0,0.00,0.00,0,0
1410567425,lo,552.14,552.14,1104.27,556,556,5.96,5.96,11.92,6,6,0.00,0.00,0,0
1410567425,total,618325.06,624327.06,1242652.12,629946,623890,619.43,623.39,1242.81,629,625,0.00,0.00,0,0
1410567426,s1-eth1,667384.81,14771.51,682156.31,14934,674726,442.14,222.55,664.69,225,447,0.00,0.00,0,0
1410567426,s1-eth2,14800.79,664206.12,679006.94,670184,14934,222.99,440.04,663.03,444,225,0.00,0.00,0,0
1410567426,eth0,0.00,0.00,0.00,0,0,0.00,0.00,0.00,0,0,0.00,0.00,0,0
1410567426,lo,0.00,0.00,0.00,0,0,0.00,0.00,0.00,0,0,0.00,0.00,0,0
1410567426,total,685546.69,681031.81,1366578.50,685118,689660,667.99,665.01,1333.00,669,672,0.00,0.00,0,0
1410567427,s1-eth1,717266.19,15529.41,732795.62,15576,719418,475.57,235.29,710.87,236,477,0.00,0.00,0,0
1410567427,s1-eth2,15479.04,717982.06,733461.12,719418,15510,234.53,476.05,710.58,477,235,0.00,0.00,0,0
1410567427,eth0,0.00,0.00,0.00,0,0,0.00,0.00,0.00,0,0,0.00,0.00,0,0
1410567427,lo,287.43,287.43,574.85,288,288,2.99,2.99,5.99,3,3,0.00,0.00,0,0
1410567427,total,733748.50,733814.38,1467562.88,735282,735216,713.57,714.57,1428.14,716,715,0.00,0.00,0,0
1410567428,s1-eth1,535094.94,11934.07,547029.00,11946,535630,356.64,180.82,537.46,181,357,0.00,0.00,0,0
1410567428,s1-eth2,12000.00,533582.44,545582.44,534116,12012,181.82,355.64,537.46,356,182,0.00,0.00,0,0
1410567428,eth0,0.00,0.00,0.00,0,0,0.00,0.00,0.00,0,0,0.00,0.00,0,0
1410567428,lo,267.73,267.73,535.46,268,268,3.00,3.00,5.99,3,3,0.00,0.00,0,0
1410567428,total,547362.62,545784.25,1093146.88,546330,547910,541.46,539.46,1080.92,540,542,0.00,0.00,0,0
1410567429,s1-eth1,519027.00,11410.59,530437.56,11422,519546,344.66,172.83,517.48,173,345,0.00,0.00,0,0
1410567429,s1-eth2,11410.59,519027.00,530437.56,519546,11422,172.83,344.66,517.48,345,173,0.00,0.00,0,0
1410567429,eth0,0.00,0.00,0.00,0,0,0.00,0.00,0.00,0,0,0.00,0.00,0,0
1410567429,lo,267.47,267.47,534.93,268,268,2.99,2.99,5.99,3,3,0.00,0.00,0,0
1410567429,total,530175.69,530175.69,1060351.38,531236,531236,519.96,519.96,1039.92,521,521,0.00,0.00,0,0
1410567430,s1-eth1,494333.34,11197.61,505530.94,11220,495322,328.34,169.66,498.00,170,329,0.00,0.00,0,0
1410567430,s1-eth2,11197.61,494333.34,505530.94,495322,11220,169.66,328.34,498.00,329,170,0.00,0.00,0,0
1410567430,eth0,0.00,0.00,0.00,0,0,0.00,0.00,0.00,0,0,0.00,0.00,0,0
1410567430,lo,0.00,0.00,0.00,0,0,0.00,0.00,0.00,0,0,0.00,0.00,0,0
1410567430,total,505530.94,505530.94,1011061.88,506542,506542,498.00,498.00,996.01,499,499,0.00,0.00,0,0
1410567431,s1-eth1,448635.38,9824.18,458459.56,9834,449084,297.70,148.85,446.55,149,298,0.00,0.00,0,0
1410567431,s1-eth2,9824.18,448635.38,458459.56,449084,9834,148.85,297.70,446.55,298,149,0.00,0.00,0,0
1410567431,eth0,0.00,0.00,0.00,0,0,0.00,0.00,0.00,0,0,0.00,0.00,0,0
1410567431,lo,0.00,0.00,0.00,0,0,0.00,0.00,0.00,0,0,0.00,0.00,0,0
1410567431,total,458459.56,458459.56,916919.12,458918,458918,446.55,446.55,893.11,447,447,0.00,0.00,0,0
1410567432,s1-eth1,555024.81,12232.37,567257.19,12318,558910,368.42,179.74,548.16,181,371,0.00,0.00,0,0
1410567432,s1-eth2,12244.53,555576.56,567821.06,558910,12318,179.92,368.79,548.71,371,181,0.00,0.00,0,0
1410567432,eth0,0.00,0.00,0.00,0,0,0.00,0.00,0.00,0,0,0.00,0.00,0,0
1410567432,lo,0.00,0.00,0.00,0,0,0.00,0.00,0.00,0,0,0.00,0.00,0,0
1410567432,total,567821.06,567821.06,1135642.12,571228,571228,548.71,548.71,1097.42,552,552,0.00,0.00,0,0
1410567433,s1-eth1,255732.28,6131.87,261864.14,6138,255988,169.83,92.91,262.74,93,170,0.00,0.00,0,0
1410567433,s1-eth2,6131.87,255732.28,261864.14,255988,6138,92.91,169.83,262.74,170,93,0.00,0.00,0,0
1410567433,eth0,0.00,0.00,0.00,0,0,0.00,0.00,0.00,0,0,0.00,0.00,0,0
1410567433,lo,171.83,171.83,343.66,172,172,3.00,3.00,5.99,3,3,0.00,0.00,0,0
1410567433,total,262035.97,262035.97,524071.94,262298,262298,265.73,265.73,531.47,266,266,0.00,0.00,0,0
1410567434,s1-eth1,528101.94,10945.06,539046.94,10956,528630,350.65,165.83,516.48,166,351,0.00,0.00,0,0
1410567434,s1-eth2,10945.06,528101.94,539046.94,528630,10956,165.83,350.65,516.48,351,166,0.00,0.00,0,0
1410567434,eth0,0.00,0.00,0.00,0,0,0.00,0.00,0.00,0,0,0.00,0.00,0,0
1410567434,lo,0.00,0.00,0.00,0,0,0.00,0.00,0.00,0,0,0.00,0.00,0,0
1410567434,total,539046.94,539046.94,1078093.88,539586,539586,516.48,516.48,1032.97,517,517,0.00,0.00,0,0
1410567435,s1-eth1,501071.88,10868.26,511940.12,10890,502074,332.34,164.67,497.01,165,333,0.00,0.00,0,0
1410567435,s1-eth2,10868.26,501071.88,511940.12,502074,10890,164.67,332.34,497.01,333,165,0.00,0.00,0,0
1410567435,eth0,0.00,0.00,0.00,0,0,0.00,0.00,0.00,0,0,0.00,0.00,0,0
1410567435,lo,0.00,0.00,0.00,0,0,0.00,0.00,0.00,0,0,0.00,0.00,0,0
1410567435,total,511940.12,511940.12,1023880.25,512964,512964,497.01,497.01,994.01,498,498,0.00,0.00,0,0
1410567436,s1-eth1,503902.12,10681.32,514583.44,10692,504406,334.67,161.84,496.50,162,335,0.00,0.00,0,0
1410567436,s1-eth2,10681.32,503902.12,514583.44,504406,10692,161.84,334.67,496.50,335,162,0.00,0.00,0,0
1410567436,eth0,0.00,0.00,0.00,0,0,0.00,0.00,0.00,0,0,0.00,0.00,0,0
1410567436,lo,0.00,0.00,0.00,0,0,0.00,0.00,0.00,0,0,0.00,0.00,0,0
1410567436,total,514583.44,514583.44,1029166.88,515098,515098,496.50,496.50,993.01,497,497,0.00,0.00,0,0
1410567437,s1-eth1,529085.81,11131.74,540217.56,11154,530144,351.30,168.66,519.96,169,352,0.00,0.00,0,0
1410567437,s1-eth2,11131.74,529085.81,540217.56,530144,11154,168.66,351.30,519.96,352,169,0.00,0.00,0,0
1410567437,eth0,0.00,0.00,0.00,0,0,0.00,0.00,0.00,0,0,0.00,0.00,0,0
1410567437,lo,0.00,0.00,0.00,0,0,0.00,0.00,0.00,0,0,0.00,0.00,0,0
1410567437,total,540217.56,540217.56,1080435.12,541298,541298,519.96,519.96,1039.92,521,521,0.00,0.00,0,0
1410567438,s1-eth1,610678.69,14712.58,625391.25,14742,611900,405.19,212.57,617.76,213,406,0.00,0.00,0,0
1410567438,s1-eth2,14712.58,610678.69,625391.25,611900,14742,212.57,405.19,617.76,406,213,0.00,0.00,0,0
1410567438,eth0,0.00,0.00,0.00,0,0,0.00,0.00,0.00,0,0,0.00,0.00,0,0
1410567438,lo,171.49,171.49,342.97,172,172,2.99,2.99,5.98,3,3,0.00,0.00,0,0
1410567438,total,624939.19,624939.19,1249878.38,626814,626814,620.14,620.14,1240.28,622,622,0.00,0.00,0,0
1410567439,s1-eth1,442585.44,10153.85,452739.28,10164,443028,293.71,153.85,447.55,154,294,0.00,0.00,0,0
1410567439,s1-eth2,10153.85,442585.44,452739.28,443028,10164,153.85,293.71,447.55,294,154,0.00,0.00,0,0
1410567439,eth0,0.00,0.00,0.00,0,0,0.00,0.00,0.00,0,0,0.00,0.00,0,0
1410567439,lo,0.00,0.00,0.00,0,0,0.00,0.00,0.00,0,0,0.00,0.00,0,0
1410567439,total,452739.28,452739.28,905478.56,453192,453192,447.55,447.55,895.10,448,448,0.00,0.00,0,0
1410567440,s1-eth1,610593.44,12923.08,623516.50,12936,611204,405.59,195.80,601.40,196,406,0.00,0.00,0,0
1410567440,s1-eth2,12923.08,610593.44,623516.50,611204,12936,195.80,405.59,601.40,406,196,0.00,0.00,0,0
1410567440,eth0,0.00,0.00,0.00,0,0,0.00,0.00,0.00,0,0,0.00,0.00,0,0
1410567440,lo,0.00,0.00,0.00,0,0,0.00,0.00,0.00,0,0,0.00,0.00,0,0
1410567440,total,623516.50,623516.50,1247033.00,624140,624140,601.40,601.40,1202.80,602,602,0.00,0.00,0,0
1410567441,s1-eth1,506109.91,11340.66,517450.56,11352,506616,335.66,171.83,507.49,172,336,0.00,0.00,0,0
1410567441,s1-eth2,11340.66,506109.91,517450.56,506616,11352,171.83,335.66,507.49,336,172,0.00,0.00,0,0
1410567441,eth0,0.00,0.00,0.00,0,0,0.00,0.00,0.00,0,0,0.00,0.00,0,0
1410567441,lo,0.00,0.00,0.00,0,0,0.00,0.00,0.00,0,0,0.00,0.00,0,0
1410567441,total,517450.56,517450.56,1034901.12,517968,517968,507.49,507.49,1014.99,508,508,0.00,0.00,0,0
1410567442,s1-eth1,474690.62,9946.11,484636.75,9966,475640,315.37,150.70,466.07,151,316,0.00,0.00,0,0
1410567442,s1-eth2,9946.11,474690.62,484636.75,475640,9966,150.70,315.37,466.07,316,151,0.00,0.00,0,0
1410567442,eth0,0.00,0.00,0.00,0,0,0.00,0.00,0.00,0,0,0.00,0.00,0,0
1410567442,lo,0.00,0.00,0.00,0,0,0.00,0.00,0.00,0,0,0.00,0.00,0,0
1410567442,total,484636.75,484636.75,969273.50,485606,485606,466.07,466.07,932.14,467,467,0.00,0.00,0,0
1410567443,s1-eth1,539662.69,10407.19,550069.88,10428,540742,358.28,157.68,515.97,158,359,0.00,0.00,0,0
1410567443,s1-eth2,10407.19,539662.69,550069.88,540742,10428,157.68,358.28,515.97,359,158,0.00,0.00,0,0
1410567443,eth0,0.00,0.00,0.00,0,0,0.00,0.00,0.00,0,0,0.00,0.00,0,0
1410567443,lo,171.66,171.66,343.31,172,172,2.99,2.99,5.99,3,3,0.00,0.00,0,0
1410567443,total,550241.56,550241.56,1100483.12,551342,551342,518.96,518.96,1037.92,520,520,0.00,0.00,0,0
1410567444,s1-eth1,518509.00,10802.40,529311.38,10824,519546,344.31,163.67,507.98,164,345,0.00,0.00,0,0
1410567444,s1-eth2,10802.40,518509.00,529311.38,519546,10824,163.67,344.31,507.98,345,164,0.00,0.00,0,0
1410567444,eth0,0.00,0.00,0.00,0,0,0.00,0.00,0.00,0,0,0.00,0.00,0,0
1410567444,lo,0.00,0.00,0.00,0,0,0.00,0.00,0.00,0,0,0.00,0.00,0,0
1410567444,total,529311.38,529311.38,1058622.75,530370,530370,507.98,507.98,1015.97,509,509,0.00,0.00,0,0
1410567445,s1-eth1,602213.81,13120.88,615334.69,13134,602816,399.60,198.80,598.40,199,400,0.00,0.00,0,0
1410567445,s1-eth2,13120.88,602213.81,615334.69,602816,13134,198.80,399.60,598.40,400,199,0.00,0.00,0,0
1410567445,eth0,0.00,0.00,0.00,0,0,0.00,0.00,0.00,0,0,0.00,0.00,0,0
1410567445,lo,0.00,0.00,0.00,0,0,0.00,0.00,0.00,0,0,0.00,0.00,0,0
1410567445,total,615334.69,615334.69,1230669.38,615950,615950,598.40,598.40,1196.80,599,599,0.00,0.00,0,0
1410567446,s1-eth1,573476.56,11340.66,584817.19,11352,574050,380.62,171.83,552.45,172,381,0.00,0.00,0,0
1410567446,s1-eth2,11340.66,573476.56,584817.19,574050,11352,171.83,380.62,552.45,381,172,0.00,0.00,0,0
1410567446,eth0,0.00,0.00,0.00,0,0,0.00,0.00,0.00,0,0,0.00,0.00,0,0
1410567446,lo,0.00,0.00,0.00,0,0,0.00,0.00,0.00,0,0,0.00,0.00,0,0
1410567446,total,584817.19,584817.19,1169634.38,585402,585402,552.45,552.45,1104.90,553,553,0.00,0.00,0,0
1410567447,s1-eth1,546251.75,11142.86,557394.62,11154,546798,362.64,168.83,531.47,169,363,0.00,0.00,0,0
1410567447,s1-eth2,11142.86,546251.75,557394.62,546798,11154,168.83,362.64,531.47,363,169,0.00,0.00,0,0
1410567447,eth0,0.00,0