1410567502,s1-eth1,0.00,0.00,0.00,0,0,0.00,0.00,0.00,0,0,0.00,0.00,0,0
1410567502,s1-eth3,0.00,0.00,0.00,0,0,0.00,0.00,0.00,0,0,0.00,0.00,0,0
1410567502,s1-eth2,0.00,0.00,0.00,0,0,0.00,0.00,0.00,0,0,0.00,0.00,0,0
1410567502,s2-eth1,0.00,0.00,0.00,0,0,0.00,0.00,0.00,0,0,0.00,0.00,0,0
1410567502,s2-eth3,0.00,0.00,0.00,0,0,0.00,0.00,0.00,0,0,0.00,0.00,0,0
1410567502,s2-eth2,0.00,0.00,0.00,0,0,0.00,0.00,0.00,0,0,0.00,0.00,0,0
1410567502,s3-eth1,0.00,0.00,0.00,0,0,0.00,0.00,0.00,0,0,0.00,0.00,0,0
1410567502,s3-eth2,0.00,0.00,0.00,0,0,0.00,0.00,0.00,0,0,0.00,0.00,0,0
1410567502,eth0,0.00,0.00,0.00,0,0,0.00,0.00,0.00,0,0,0.00,0.00,0,0
1410567502,lo,0.00,0.00,0.00,0,0,0.00,0.00,0.00,0,0,0.00,0.00,0,0
1410567502,total,0.00,0.00,0.00,0,0,0.00,0.00,0.00,0,0,0.00,0.00,0,0
1410567503,s1-eth1,798231.56,18772.46,817004.00,18810,799828,530.94,274.45,805.39,275,532,0.00,0.00,0,0
1410567503,s1-eth3,11724.55,455812.38,467536.94,456724,11748,167.66,303.39,471.06,304,168,0.00,0.00,0,0
1410567503,s1-eth2,7124.88,342761.25,349886.12,343104,7132,107.89,227.77,335.66,228,108,0.00,0.00,0,0
1410567503,s2-eth1,456267.75,11736.26,468004.00,11748,456724,303.70,167.83,471.53,168,304,0.00,0.00,0,0
1410567503,s2-eth3,5926.07,254915.09,260841.17,255170,5932,83.92,168.83,252.75,169,84,0.00,0.00,0,0
1410567503,s2-eth2,5880.12,201352.66,207232.77,201554,5886,84.92,134.87,219.78,135,85,0.00,0.00,0,0
1410567503,s3-eth1,254915.09,5926.07,260841.17,5932,255170,168.83,83.92,252.75,84,169,0.00,0.00,0,0
1410567503,s3-eth2,5850.30,254660.69,260510.98,255170,5862,82.83,168.66,251.50,169,83,0.00,0.00,0,0
1410567503,eth0,0.00,0.00,0.00,0,0,0.00,0.00,0.00,0,0,0.00,0.00,0,0
1410567503,lo,674.65,674.65,1349.30,676,676,6.99,6.99,13.97,7,7,0.00,0.00,0,0
1410567503,total,1545866.25,1545796.50,3091662.75,1548888,1548958,1536.93,1535.93,3072.85,1539,1540,0.00,0.00,0,0
1410567504,s1-eth1,901864.31,18165.67,920029.94,18202,903668,600.80,266.47,867.27,267,602,0.00,0.00,0,0
1410567504,s1-eth3,10756.49,588083.88,598840.31,589260,10778,160.68,391.22,551.90,392,161,0.00,0.00,0,0
1410567504,s1-eth2,7618.76,322846.31,330465.09,323492,7634,108.78,215.57,324.35,216,109,0.00,0.00,0,0
1410567504,s2-eth1,588083.88,10756.49,598840.31,10778,589260,391.22,160.68,551.90,161,392,0.00,0.00,0,0
1410567504,s2-eth3,6606.79,393862.28,400469.06,394650,6620,97.80,262.48,360.28,263,98,0.00,0.00,0,0
1410567504,s2-eth2,4359.28,194221.56,198580.84,194610,4368,65.87,128.74,194.61,129,66,0.00,0.00,0,0
1410567504,s3-eth1,393469.59,6600.20,400069.78,6620,394650,262.21,97.71,359.92,98,263,0.00,0.00,0,0
1410567504,s3-eth2,6669.99,393469.59,400139.59,394650,6690,98.70,262.21,360.92,263,99,0.00,0.00,0,0
1410567504,eth0,0.00,0.00,0.00,0,0,0.00,0.00,0.00,0,0,0.00,0.00,0,0
1410567504,lo,2584.25,2584.25,5168.49,2592,2592,29.91,29.91,59.82,30,30,0.00,0.00,0,0
1410567504,total,1920498.50,1929066.75,3849565.25,1934854,1926260,1814.56,1813.56,3628.12,1819,1820,0.00,0.00,0,0
1410567505,s1-eth1,779824.56,17395.81,797220.38,17448,782164,516.45,257.23,773.68,258,518,0.00,0.00,0,0
1410567505,s1-eth3,11653.04,504285.16,515938.19,505798,11688,173.48,334.00,507.48,335,174,0.00,0.00,0,0
1410567505,s1-eth2,5742.77,266482.56,272225.31,267282,5760,83.75,176.47,260.22,177,84,0.00,0.00,0,0
1410567505,s2-eth1,504285.16,11653.04,515938.19,11688,505798,334.00,173.48,507.48,174,335,0.00,0.00,0,0
1410567505,s2-eth3,6849.45,274723.84,281573.28,275548,6870,100.70,181.46,282.15,182,101,0.00,0.00,0,0
1410567505,s2-eth2,4803.59,229561.31,234364.91,230250,4818,72.78,152.54,225.32,153,73,0.00,0.00,0,0
1410567505,s3-eth1,275272.75,6863.14,282135.88,6870,275548,181.82,100.90,282.72,101,182,0.00,0.00,0,0
1410567505,s3-eth2,6863.14,275272.75,282135.88,275548,6870,100.90,181.82,282.72,182,101,0.00,0.00,0,0
1410567505,eth0,0.00,0.00,0.00,0,0,0.00,0.00,0.00,0,0,0.00,0.00,0,0
1410567505,lo,0.00,0.00,0.00,0,0,0.00,0.00,0.00,0,0,0.00,0.00,0,0
1410567505,total,1597918.12,1588843.25,3186761.25,1590432,1599516,1566.43,1560.44,3126.87,1562,1568,0.00,0.00,0,0
1410567506,s1-eth1,891073.62,20461.24,911534.88,20850,908004,590.78,305.20,895.98,311,602,0.00,0.00,0,0
1410567506,s1-eth3,14520.12,671262.06,685782.19,684016,14796,219.82,447.50,667.32,456,224,0.00,0.00,0,0
1410567506,s1-eth2,6194.31,230376.84,236571.16,234754,6312,90.28,154.07,244.36,157,92,0.00,0.00,0,0
1410567506,s2-eth1,671262.06,14520.12,685782.19,14796,684016,447.50,219.82,667.32,224,456,0.00,0.00,0,0
1410567506,s2-eth3,8667.32,397760.56,406427.88,405318,8832,131.50,265.95,397.45,271,134,0.00,0.00,0,0
1410567506,s2-eth2,5841.18,273315.69,279156.88,278782,5958,89.22,183.33,272.55,187,91,0.00,0.00,0,0
1410567506,s3-eth1,397370.59,8658.82,406029.41,8832,405318,265.69,131.37,397.06,134,271,0.00,0.00,0,0
1410567506,s3-eth2,8609.21,396981.38,405590.59,405318,8790,130.26,265.43,395.69,271,133,0.00,0.00,0,0
1410567506,eth0,0.00,0.00,0.00,0,0,0.00,0.00,0.00,0,0,0.00,0.00,0,0
1410567506,lo,3957.89,3957.89,7915.79,4136,4136,40.19,40.19,80.38,42,42,0.00,0.00,0,0
1410567506,total,1908733.25,1918658.62,3827391.75,2056802,2046162,1907.65,1915.11,3822.76,2053,2045,0.00,0.00,0,0
1410567507,s1-eth1,880174.06,17522.22,897696.31,18924,950588,585.19,262.96,848.15,284,632,0.00,0.00,0,0
1410567507,s1-eth3,11533.33,559629.62,571162.94,604400,12456,172.22,372.22,544.44,402,186,0.00,0.00,0,0
1410567507,s1-eth2,6053.70,313535.19,319588.88,338618,6538,91.67,208.33,300.00,225,99,0.00,0.00,0,0
1410567507,s2-eth1,559629.62,11533.33,571162.94,12456,604400,372.22,172.22,544.44,186,402,0.00,0.00,0,0
1410567507,s2-eth3,6364.81,287492.59,293857.41,310492,6874,93.52,190.74,284.26,206,101,0.00,0.00,0,0
1410567507,s2-eth2,5405.00,273792.41,279197.41,295422,5832,81.56,182.58,264.13,197,88,0.00,0.00,0,0
1410567507,s3-eth1,298984.25,6370.71,305354.94,6874,322604,198.33,93.61,291.94,101,214,0.00,0.00,0,0
1410567507,s3-eth2,6409.64,298984.25,305393.88,322604,6916,94.53,198.33,292.86,214,102,0.00,0.00,0,0
1410567507,eth0,0.00,0.00,0.00,0,0,0.00,0.00,0.00,0,0,0.00,0.00,0,0
1410567507,lo,1588.63,1588.63,3177.25,1676,1676,17.06,17.06,34.12,18,18,0.00,0.00,0,0
1410567507,total,1865645.88,1859402.75,3725048.75,1911466,1917884,1791.83,1783.07,3574.90,1833,1842,0.00,0.00,0,0
1410567508,s1-eth1,903533.88,18308.77,921842.69,18382,907148,599.60,271.91,871.51,273,602,0.00,0.00,0,0
1410567508,s1-eth3,13309.45,665235.81,678545.25,668562,13376,201.00,440.80,641.79,443,202,0.00,0.00,0,0
1410567508,s1-eth2,5190.05,234386.06,239576.11,235558,5216,73.63,156.22,229.85,157,74,0.00,0.00,0,0
1410567508,s2-eth1,665235.81,13309.45,678545.25,13376,668562,440.80,201.00,641.79,202,443,0.00,0.00,0,0
1410567508,s2-eth3,7363.18,390244.78,397607.97,392196,7400,111.44,258.71,370.15,260,112,0.00,0.00,0,0
1410567508,s2-eth2,6130.82,272400.41,278531.22,274852,6186,92.17,180.38,272.55,182,93,0.00,0.00,0,0
1410567508,s3-eth1,371538.62,7233.63,378772.25,7400,380084,246.33,109.48,355.82,112,252,0.00,0.00,0,0
1410567508,s3-eth2,7233.63,371538.62,378772.25,380084,7400,109.48,246.33,355.82,252,112,0.00,0.00,0,0
1410567508,eth0,0.00,0.00,0.00,0,0,0.00,0.00,0.00,0,0,0.00,0.00,0,0
1410567508,lo,2357.77,2357.77,4715.54,2412,2412,26.39,26.39,52.79,27,27,0.00,0.00,0,0
1410567508,total,1952868.12,1948017.62,3900885.75,1992822,1997784,1873.90,1865.10,3739.00,1908,1917,0.00,0.00,0,0
1410567509,s1-eth1,874153.06,18058.14,892211.25,18636,902126,580.43,267.44,847.87,276,599,0.00,0.00,0,0
1410567509,s1-eth3,9421.92,496754.59,506176.50,512154,9714,140.64,330.75,471.39,341,145,0.00,0.00,0,0
1410567509,s1-eth2,8645.35,383073.62,391719.00,395332,8922,126.94,253.88,380.81,262,131,0.00,0.00,0,0
1410567509,s2-eth1,488230.69,9260.25,497490.94,9714,512154,325.07,138.23,463.30,145,341,0.00,0.00,0,0
1410567509,s2-eth3,6480.46,338013.34,344493.81,354576,6798,98.19,224.98,323.16,236,103,0.00,0.00,0,0
1410567509,s2-eth2,2787.76,150648.17,153435.94,157578,2916,40.15,100.38,140.54,105,42,0.00,0.00,0,0
1410567509,s3-eth1,343581.38,6587.21,350168.59,6798,354576,228.68,99.81,328.49,103,236,0.00,0.00,0,0
1410567509,s3-eth2,6587.21,343581.38,350168.59,354576,6798,99.81,228.68,328.49,236,103,0.00,0.00,0,0
1410567509,eth0,0.00,0.00,0.00,0,0,0.00,0.00,0.00,0,0,0.00,0.00,0,0
1410567509,lo,0.00,0.00,0.00,0,0,0.00,0.00,0.00,0,0,0.00,0.00,0,0
1410567509,total,1748065.88,1753259.62,3501325.50,1809364,1804004,1647.29,1651.16,3298.45,1704,1700,0.00,0.00,0,0
1410567510,s1-eth1,822544.56,19275.22,841819.81,19680,839818,545.54,284.04,829.58,290,557,0.00,0.00,0,0
1410567510,s1-eth3,13845.25,551743.38,565588.62,563330,14136,201.76,365.33,567.09,373,206,0.00,0.00,0,0
1410567510,s1-eth2,5435.29,265811.75,271247.06,271128,5544,82.35,176.47,258.82,180,84,0.00,0.00,0,0
1410567510,s2-eth1,562205.62,14107.79,576313.38,14136,563330,372.26,205.59,577.84,206,373,0.00,0.00,0,0
1410567510,s2-eth3,7155.69,295457.09,302612.78,296048,7170,104.79,195.61,300.40,196,105,0.00,0.00,0,0
1410567510,s2-eth2,6959.04,267015.00,273974.03,267282,6966,100.90,176.82,277.72,177,101,0.00,0.00,0,0
1410567510,s3-eth1,295752.25,7162.84,302915.09,7170,296048,195.80,104.90,300.70,105,196,0.00,0.00,0,0
1410567510,s3-eth2,7162.84,295752.25,302915.09,296048,7170,104.90,195.80,300.70,196,105,0.00,0.00,0,0
1410567510,eth0,0.00,0.00,0.00,0,0,0.00,0.00,0.00,0,0,0.00,0.00,0,0
1410567510,lo,0.00,0.00,0.00,0,0,0.00,0.00,0.00,0,0,0.00,0.00,0,0
1410567510,total,1738443.62,1733089.00,3471532.50,1734822,1740182,1725.27,1721.28,3446.55,1723,1727,0.00,0.00,0,0
1410567511,s1-eth1,977210.75,20552.68,997763.44,20676,983074,649.11,308.15,957.26,310,653,0.00,0.00,0,0
1410567511,s1-eth3,14516.90,691145.12,705662.00,695292,14604,216.70,459.24,675.94,462,218,0.00,0.00,0,0
1410567511,s1-eth2,6035.79,298105.38,304141.16,299894,6072,91.45,197.81,289.26,199,92,0.00,0.00,0,0
1410567511,s2-eth1,690458.81,14502.48,704961.25,14604,695292,458.79,216.48,675.27,218,462,0.00,0.00,0,0
1410567511,s2-eth3,7096.33,290291.97,297388.28,292324,7146,104.27,192.65,296.92,194,105,0.00,0.00,0,0
1410567511,s2-eth2,7406.16,400166.84,407573.00,402968,7458,112.21,266.14,378.35,268,113,0.00,0.00,0,0
1410567511,s3-eth1,290291.97,7096.33,297388.28,7146,292324,192.65,104.27,296.92,105,194,0.00,0.00,0,0
1410567511,s3-eth2,7096.33,290291.97,297388.28,292324,7146,104.27,192.65,296.92,194,105,0.00,0.00,0,0
1410567511,eth0,0.00,0.00,0.00,0,0,0.00,0.00,0.00,0,0,0.00,0.00,0,0
1410567511,lo,0.00,0.00,0.00,0,0,0.00,0.00,0.00,0,0,0.00,0.00,0,0
1410567511,total,1991212.75,2003192.88,3994405.75,2025228,2013116,1920.87,1928.78,3849.65,1950,1942,0.00,0.00,0,0
1410567512,s1-eth1,884654.19,20388.18,905042.38,20694,897924,585.22,304.43,889.66,309,594,0.00,0.00,0,0
1410567512,s1-eth3,13111.33,607211.81,620323.19,616320,13308,197.04,401.97,599.01,408,200,0.00,0.00,0,0
1410567512,s1-eth2,7276.85,269984.25,277261.09,274034,7386,107.39,178.33,285.71,181,109,0.00,0.00,0,0
1410567512,s2-eth1,607211.81,13111.33,620323.19,13308,616320,401.97,197.04,599.01,200,408,0.00,0.00,0,0
1410567512,s2-eth3,7764.71,369713.72,377478.44,377108,7920,117.65,245.10,362.75,250,120,0.00,0.00,0,0
1410567512,s2-eth2,5282.35,238974.52,244256.86,243754,5388,78.43,157.84,236.27,161,80,0.00,0.00,0,0
1410567512,s3-eth1,368990.22,7749.51,376739.75,7920,377108,244.62,117.42,362.04,120,250,0.00,0.00,0,0
1410567512,s3-eth2,7749.51,368990.22,376739.75,377108,7920,117.42,244.62,362.04,250,120,0.00,0.00,0,0
1410567512,eth0,0.00,0.00,0.00,0,0,0.00,0.00,0.00,0,0,0.00,0.00,0,0
1410567512,lo,0.00,0.00,0.00,0,0,0.00,0.00,0.00,0,0,0.00,0.00,0,0
1410567512,total,1895366.62,1892398.00,3787764.75,1930246,1933274,1844.12,1842.16,3686.27,1879,1881,0.00,0.00,0,0
1410567513,s1-eth1,765533.12,15281.90,780815.06,15450,773954,507.42,228.49,735.91,231,513,0.00,0.00,0,0
1410567513,s1-eth3,10842.73,534913.94,545756.69,540798,10962,161.23,355.09,516.32,359,163,0.00,0.00,0,0
1410567513,s1-eth2,4439.17,226126.61,230565.78,228614,4488,67.26,149.36,216.62,151,68,0.00,0.00,0,0
1410567513,s2-eth1,534913.94,10842.73,545756.69,10962,540798,355.09,161.23,516.32,163,359,0.00,0.00,0,0
1410567513,s2-eth3,5253.73,249502.48,254756.22,250750,5280,79.60,166.17,245.77,167,80,0.00,0.00,0,0
1410567513,s2-eth2,5653.73,284085.56,289739.31,285506,5682,82.59,188.06,270.65,189,83,0.00,0.00,0,0
1410567513,s3-eth1,249751.00,5258.96,255009.97,5280,250750,166.33,79.68,246.02,80,167,0.00,0.00,0,0
1410567513,s3-eth2,5258.96,249751.00,255009.97,250750,5280,79.68,166.33,246.02,167,80,0.00,0.00,0,0
1410567513,eth0,0.00,0.00,0.00,0,0,0.00,0.00,0.00,0,0,0.00,0.00,0,0
1410567513,lo,513.94,513.94,1027.89,516,516,8.96,8.96,17.93,9,9,0.00,0.00,0,0
1410567513,total,1592931.25,1583874.38,3176805.50,1588626,1597710,1517.45,1511.47,3028.91,1516,1522,0.00,0.00,0,0
1410567514,s1-eth1,746920.31,17139.44,764059.81,17208,749908,496.02,252.99,749.00,254,498,0.00,0.00,0,0
1410567514,s1-eth3,11420.32,462496.03,473916.34,464346,11466,166.33,307.77,474.10,309,167,0.00,0.00,0,0
1410567514,s1-eth2,5719.12,284424.31,290143.44,285562,5742,86.65,188.25,274.90,189,87,0.00,0.00,0,0
1410567514,s2-eth1,462496.03,11420.32,473916.34,11466,464346,307.77,166.33,474.10,167,309,0.00,0.00,0,0
1410567514,s2-eth3,6627.49,251952.20,258579.69,252960,6654,96.61,167.33,263.94,168,97,0.00,0.00,0,0
1410567514,s2-eth2,4797.61,210753.73,215551.34,211386,4812,69.79,140.58,210.37,141,70,0.00,0.00,0,0
1410567514,s3-eth1,252203.39,6634.10,258837.48,6654,252960,167.50,96.71,264.21,97,168,0.00,0.00,0,0
1410567514,s3-eth2,6634.10,252203.39,258837.48,252960,6654,96.71,167.50,264.21,168,97,0.00,0.00,0,0
1410567514,eth0,0.00,0.00,0.00,0,0,0.00,0.00,0.00,0,0,0.00,0.00,0,0
1410567514,lo,0.00,0.00,0.00,0,0,0.00,0.00,0.00,0,0,0.00,0.00,0,0
1410567514,total,1498047.88,1498047.88,2996095.75,1502542,1502542,1488.53,1488.53,2977.07,1493,1493,0.00,0.00,0,0
1410567515,s1-eth1,722369.25,15323.35,737692.62,15354,723814,478.04,226.55,704.59,227,479,0.00,0.00,0,0
1410567515,s1-eth3,11143.71,548606.81,559750.50,549704,11166,166.67,363.27,529.94,364,167,0.00,0.00,0,0
1410567515,s1-eth2,4179.64,175273.45,179453.09,175624,4188,59.88,115.77,175.65,116,60,0.00,0.00,0,0
1410567515,s2-eth1,548606.81,11143.71,559750.50,11166,549704,363.27,166.67,529.94,167,364,0.00,0.00,0,0
1410567515,s2-eth3,7772.46,383910.19,391682.66,384678,7788,117.76,254.49,372.26,255,118,0.00,0.00,0,0
1410567515,s2-eth2,3371.26,164696.61,168067.88,165026,3378,48.90,108.78,157.68,109,49,0.00,0.00,0,0
1410567515,s3-eth1,383910.19,7772.46,391682.66,7788,384678,254.49,117.76,372.26,118,255,0.00,0.00,0,0
1410567515,s3-eth2,7772.46,383910.19,391682.66,384678,7788,117.76,254.49,372.26,255,118,0.00,0.00,0,0
1410567515,eth0,0.00,0.00,0.00,0,0,0.00,0.00,0.00,0,0,0.00,0.00,0,0
1410567515,lo,0.00,0.00,0.00,0,0,0.00,0.00,0.00,0,0,0.00,0.00,0,0
1410567515,total,1689125.75,1690636.75,3379762.50,1694018,1692504,1606.79,1607.78,3214.57,1611,1610,0.00,0.00,0,0
1410567516,s1-eth1,678728.56,17281.44,696010.00,17316,680086,450.10,253.49,703.59,254,451,0.00,0.00,0,0
1410567516,s1-eth3,9688.62,344624.75,354313.38,345314,9708,141.72,228.54,370.26,229,142,0.00,0.00,0,0
1410567516,s1-eth2,7592.81,332592.81,340185.62,333258,7608,111.78,220.56,332.34,221,112,0.00,0.00,0,0
1410567516,s2-eth1,344624.75,9688.62,354313.38,9708,345314,228.54,141.72,370.26,142,229,0.00,0.00,0,0
1410567516,s2-eth3,5617.91,222957.20,228575.12,224072,5646,84.58,147.26,231.84,148,85,0.00,0.00,0,0
1410567516,s2-eth2,3974.56,118632.09,122606.66,121242,4062,55.77,79.26,135.03,81,57,0.00,0.00,0,0
1410567516,s3-eth1,219248.53,5524.46,224773.00,5646,224072,144.81,83.17,227.98,85,148,0.00,0.00,0,0
1410567516,s3-eth2,5524.46,219248.53,224773.00,224072,5646,83.17,144.81,227.98,148,85,0.00,0.00,0,0
1410567516,eth0,0.00,0.00,0.00,0,0,0.00,0.00,0.00,0,0,0.00,0.00,0,0
1410567516,lo,0.00,0.00,0.00,0,0,0.00,0.00,0.00,0,0,0.00,0.00,0,0
1410567516,total,1254542.12,1253060.75,2507602.75,1280628,1282142,1280.82,1279.84,2560.67,1308,1309,0.00,0.00,0,0
1410567517,s1-eth1,751978.62,14019.40,765998.06,14454,775290,497.58,212.42,709.99,219,513,0.00,0.00,0,0
1410567517,s1-eth3,9538.31,547860.31,557398.62,564844,9834,144.52,362.75,507.27,374,149,0.00,0.00,0,0
1410567517,s1-eth2,4485.44,207256.31,211741.75,213474,4620,67.96,136.89,204.85,141,70,0.00,0.00,0,0
1410567517,s2-eth1,548392.25,9547.57,557939.81,9834,564844,363.11,144.66,507.77,149,374,0.00,0.00,0,0
1410567517,s2-eth3,4755.60,222603.70,227359.30,228614,4884,72.05,147.03,219.08,151,74,0.00,0.00,0,0
1410567517,s2-eth2,4891.30,335235.19,340126.50,339258,4950,74.11,222.33,296.44,225,75,0.00,0.00,0,0
1410567517,s3-eth1,223255.86,4769.53,228025.39,4884,228614,147.46,72.27,219.73,74,151,0.00,0.00,0,0
1410567517,s3-eth2,4769.53,223255.86,228025.39,228614,4884,72.27,147.46,219.73,151,74,0.00,0.00,0,0
1410567517,eth0,0.00,0.00,0.00,0,0,0.00,0.00,0.00,0,0,0.00,0.00,0,0
1410567517,lo,503.41,503.41,1006.83,516,516,8.78,8.78,17.56,9,9,0.00,0.00,0,0
1410567517,total,1559449.75,1565358.12,3124808.00,1604492,1598436,1452.68,1456.59,2909.27,1493,1489,0.00,0.00,0,0
1410567518,s1-eth1,700825.88,14454.01,715279.88,14772,716244,463.80,215.26,679.06,220,474,0.00,0.00,0,0
1410567518,s1-eth3,11160.47,542315.06,553475.56,554246,11406,165.36,359.10,524.46,367,169,0.00,0.00,0,0
1410567518,s1-eth2,3093.75,168550.78,171644.53,172596,3168,46.88,111.33,158.20,114,48,0.00,0.00,0,0
1410567518,s2-eth1,541255.88,11138.67,552394.50,11406,554246,358.40,165.04,523.44,169,367,0.00,0.00,0,0
1410567518,s2-eth3,4576.17,238041.02,242617.19,243754,4686,69.34,157.23,226.56,161,71,0.00,0.00,0,0
1410567518,s2-eth2,6575.34,300845.41,307420.75,307464,6720,95.89,199.61,295.50,204,98,0.00,0.00,0,0
1410567518,s3-eth1,241340.59,4639.60,245980.20,4686,243754,159.41,70.30,229.70,71,161,0.00,0.00,0,0
1410567518,s3-eth2,4635.02,241101.89,245736.91,243754,4686,70.23,159.25,229.48,161,71,0.00,0.00,0,0
1410567518,eth0,0.00,0.00,0.00,0,0,0.00,0.00,0.00,0,0,0.00,0.00,0,0
1410567518,lo,0.00,0.00,0.00,0,0,0.00,0.00,0.00,0,0,0.00,0.00,0,0
1410567518,total,1465759.00,1473129.00,2938888.00,1552678,1544910,1384.25,1391.84,2776.09,1467,1459,0.00,0.00,0,0
1410567519,s1-eth1,794769.25,15669.52,810438.75,16500,836892,526.12,237.42,763.53,250,554,0.00,0.00,0,0
1410567519,s1-eth3,10216.52,521418.81,531635.31,549054,10758,154.80,344.73,499.53,363,163,0.00,0.00,0,0
1410567519,s1-eth2,5646.39,260657.80,266304.19,274212,5940,85.55,173.00,258.56,182,90,0.00,0.00,0,0
1410567519,s2-eth1,521418.81,10216.52,531635.31,10758,549054,344.73,154.80,499.53,163,363,0.00,0.00,0,0
1410567519,s2-eth3,4957.75,255391.55,260349.28,271992,5280,75.12,169.01,244.13,180,80,0.00,0.00,0,0
1410567519,s2-eth2,5143.66,260152.11,265295.78,277062,5478,77.93,171.83,249.77,183,83,0.00,0.00,0,0
1410567519,s3-eth1,255391.55,4957.75,260349.28,5280,271992,169.01,75.12,244.13,80,180,0.00,0.00,0,0
1410567519,s3-eth2,4962.41,255631.58,260593.98,271992,5280,75.19,169.17,244.36,180,80,0.00,0.00,0,0
1410567519,eth0,0.00,86.47,86.47,92,0,0.00,0.94,0.94,1,0,0.00,0.00,0,0
1410567519,lo,0.00,0.00,0.00,0,0,0.00,0.00,0.00,0,0,0.00,0.00,0,0
1410567519,total,1657523.50,1644060.75,3301584.25,1676942,1690674,1561.76,1550.98,3112.75,1582,1593,0.00,0.00,0,0
1410567520,s1-eth1,703070.75,15459.73,718530.44,15738,715726,466.60,226.92,693.52,231,475,0.00,0.00,0,0
1410567520,s1-eth3,11139.49,536501.00,547640.50,546158,11340,165.03,356.58,521.61,363,168,0.00,0.00,0,0
1410567520,s1-eth2,4320.24,169544.20,173864.44,172596,4398,61.89,111.98,173.87,114,63,0.00,0.00,0,0
1410567520,s2-eth1,537028.50,11150.44,548178.94,11340,546158,356.93,165.19,522.12,168,363,0.00,0.00,0,0
1410567520,s2-eth3,4330.02,232699.80,237029.81,234096,4356,65.61,155.07,220.68,156,66,0.00,0.00,0,0
1410567520,s2-eth2,6942.35,310200.78,317143.12,312062,6984,101.39,205.77,307.16,207,102,0.00,0.00,0,0
1410567520,s3-eth1,232931.34,4334.33,237265.67,4356,234096,155.22,65.67,220.90,66,156,0.00,0.00,0,0
1410567520,s3-eth2,4334.33,232931.34,237265.67,234096,4356,65.67,155.22,220.90,156,66,0.00,0.00,0,0
1410567520,eth0,89.55,181.09,270.65,182,90,1.00,1.99,2.99,2,1,0.00,0.00,0,0
1410567520,lo,0.00,0.00,0.00,0,0,0.00,0.00,0.00,0,0,0.00,0.00,0,0
1410567520,total,1519904.50,1523008.88,3042913.50,1530624,1527504,1452.74,1455.72,2908.46,1463,1460,0.00,0.00,0,0
1410567521,s1-eth1,822479.94,18246.82,840726.75,18630,839752,544.56,267.38,811.95,273,556,0.00,0.00,0,0
1410567521,s1-eth3,14370.87,596104.88,610475.75,613988,14802,208.74,394.17,602.91,406,215,0.00,0.00,0,0
1410567521,s1-eth2,3271.69,212331.75,215603.44,222736,3432,49.57,141.09,190.66,148,52,0.00,0.00,0,0
1410567521,s2-eth1,585307.94,14110.58,599418.50,14802,613988,387.04,204.96,591.99,215,406,0.00,0.00,0,0
1410567521,s2-eth3,4828.57,185342.86,190171.42,194610,5070,67.62,122.86,190.48,129,71,0.00,0.00,0,0
1410567521,s2-eth2,9268.57,399407.62,408676.19,419378,9732,137.14,263.81,400.95,277,144,0.00,0.00,0,0
1410567521,s3-eth1,221390.48,5080.00,226470.48,5334,232460,146.67,71.43,218.10,75,154,0.00,0.00,0,0
1410567521,s3-eth2,5080.00,221390.48,226470.48,232460,5334,71.43,146.67,218.10,154,75,0.00,0.00,0,0
1410567521,eth0,0.00,87.62,87.62,92,0,0.00,0.95,0.95,1,0,0.00,0.00,0,0
1410567521,lo,0.00,0.00,0.00,0,0,0.00,0.00,0.00,0,0,0.00,0.00,0,0
1410567521,total,1640884.88,1638468.12,3279353.00,1722030,1724570,1591.82,1596.57,3188.39,1678,1673,0.00,0.00,0,0
1410567522,s1-eth1,741955.50,16309.78,758265.25,16848,766440,491.77,242.01,733.79,250,508,0.00,0.00,0,0
1410567522,s1-eth3,12714.84,559906.25,572621.12,573344,13020,187.50,371.09,558.59,380,192,0.00,0.00,0,0
1410567522,s1-eth2,4207.17,192326.70,196533.88,193096,4224,63.75,127.49,191.24,128,64,0.00,0.00,0,0
1410567522,s2-eth1,571059.75,12968.13,584027.88,13020,573344,378.49,191.24,569.72,192,380,0.00,0.00,0,0
1410567522,s2-eth3,8374.88,360885.34,369260.22,361968,8400,121.64,239.28,360.92,240,122,0.00,0.00,0,0
1410567522,s2-eth2,4606.18,210743.77,215349.95,211376,4620,69.79,139.58,209.37,140,70,0.00,0.00,0,0
1410567522,s3-eth1,323148.56,8111.67,331260.22,8136,324118,214.36,117.65,332.00,118,215,0.00,0.00,0,0
1410567522,s3-eth2,8103.59,322826.69,330930.28,324118,8136,117.53,214.14,331.67,215,118,0.00,0.00,0,0
1410567522,eth0,89.64,89.64,179.28,90,90,1.00,1.00,1.99,1,1,0.00,0.00,0,0
1410567522,lo,617.53,617.53,1235.06,620,620,10.96,10.96,21.91,11,11,0.00,0.00,0,0
1410567522,total,1697918.25,1697523.50,3395441.75,1702616,1703012,1675.97,1669.99,3345.96,1675,1681,0.00,0.00,0,0
1410567523,s1-eth1,806807.50,16892.86,823700.38,17028,813262,534.72,248.02,782.74,250,539,0.00,0.00,0,0
1410567523,s1-eth3,11982.14,530321.44,542303.56,534564,12078,173.61,351.19,524.80,354,175,0.00,0.00,0,0
1410567523,s1-eth2,4910.71,276486.09,281396.81,278698,4950,74.40,183.53,257.94,185,75,0.00,0.00,0,0
1410567523,s2-eth1,530321.44,11982.14,542303.56,12078,534564,351.19,173.61,524.80,175,354,0.00,0.00,0,0
1410567523,s2-eth3,6857.14,324549.59,331406.75,327146,6912,99.21,215.28,314.48,217,100,0.00,0.00,0,0
1410567523,s2-eth2,5125.00,205771.81,210896.81,207418,5166,74.40,135.91,210.32,137,75,0.00,0.00,0,0
1410567523,s3-eth1,324549.59,6857.14,331406.75,6912,327146,215.28,99.21,314.48,100,217,0.00,0.00,0,0
1410567523,s3-eth2,6857.14,324549.59,331406.75,327146,6912,99.21,215.28,314.48,217,100,0.00,0.00,0,0
1410567523,eth0,0.00,0.00,0.00,0,0,0.00,0.00,0.00,0,0,0.00,0.00,0,0
1410567523,lo,0.00,0.00,0.00,0,0,0.00,0.00,0.00,0,0,0.00,0.00,0,0
1410567523,total,1697410.62,1697410.62,3394821.25,1710990,1710990,1622.02,1622.02,3244.05,1635,1635,0.00,0.00,0,0
1410567524,s1-eth1,940993.38,20164.31,961157.69,21354,996512,623.23,299.34,922.57,317,660,0.00,0.00,0,0
1410567524,s1-eth3,12804.53,630683.69,643488.19,667894,13560,192.63,418.32,610.95,443,204,0.00,0.00,0,0
1410567524,s1-eth2,7246.46,310389.03,317635.50,328702,7674,104.82,206.80,311.61,219,111,0.00,0.00,0,0
1410567524,s2-eth1,630683.69,12804.53,643488.19,13560,667894,418.32,192.63,610.95,204,443,0.00,0.00,0,0
1410567524,s2-eth3,7665.72,420485.38,428151.09,445294,8118,116.15,278.56,394.71,295,123,0.00,0.00,0,0
1410567524,s2-eth2,5138.81,210198.30,215337.11,222600,5442,76.49,139.75,216.24,148,81,0.00,0.00,0,0
1410567524,s3-eth1,420485.38,7665.72,428151.09,8118,445294,278.56,116.15,394.71,123,295,0.00,0.00,0,0
1410567524,s3-eth2,7665.72,420485.38,428151.09,445294,8118,116.15,278.56,394.71,295,123,0.00,0.00,0,0
1410567524,eth0,84.99,84.99,169.97,90,90,0.94,0.94,1.89,1,1,0.00,0.00,0,0
1410567524,lo,1446.65,1446.65,2893.30,1532,1532,15.11,15.11,30.22,16,16,0.00,0.00,0,0
1410567524,total,2034215.25,2034407.88,4068623.25,2154438,2154234,1942.40,1946.18,3888.57,2061,2057,0.00,0.00,0,0
1410567525,s1-eth1,950069.88,17832.34,967902.25,17868,951970,631.74,267.47,899.20,268,633,0.00,0.00,0,0
1410567525,s1-eth3,10929.21,612426.75,623355.94,614264,10962,164.51,406.78,571.29,408,165,0.00,0.00,0,0
1410567525,s1-eth2,7011.98,336948.12,343960.09,337622,7026,104.79,222.55,327.35,223,105,0.00,0.00,0,0
1410567525,s2-eth1,613037.94,10940.12,623978.06,10962,614264,407.19,164.67,571.86,165,408,0.00,0.00,0,0
1410567525,s2-eth3,4257.49,308403.19,312660.69,309020,4266,64.87,205.59,270.46,206,65,0.00,0.00,0,0
1410567525,s2-eth2,6682.63,304634.75,311317.38,305244,6696,99.80,201.60,301.40,202,100,0.00,0.00,0,0
1410567525,s3-eth1,308403.19,4257.49,312660.69,4266,309020,205.59,64.87,270.46,65,206,0.00,0.00,0,0
1410567525,s3-eth2,4257.49,308403.19,312660.69,309020,4266,64.87,205.59,270.46,206,65,0.00,0.00,0,0
1410567525,eth0,59.88,59.88,119.76,60,60,1.00,1.00,2.00,1,1,0.00,0.00,0,0
1410567525,lo,2119.76,2119.76,4239.52,2124,2124,21.96,21.96,43.91,22,22,0.00,0.00,0,0
1410567525,total,1906840.38,1906636.75,3813477.25,1910450,1910654,1766.47,1762.48,3528.94,1766,1770,0.00,0.00,0,0
1410567526,s1-eth1,725516.88,15483.10,741000.00,15576,729870,480.12,234.59,714.71,236,483,0.00,0.00,0,0
1410567526,s1-eth3,10901.49,524372.12,535273.62,526994,10956,165.17,347.26,512.44,349,166,0.00,0.00,0,0
1410567526,s1-eth2,4597.01,204879.59,209476.61,205904,4620,69.65,135.32,204.98,136,70,0.00,0.00,0,0
1410567526,s2-eth1,524372.12,10901.49,535273.62,10956,526994,347.26,165.17,512.44,166,349,0.00,0.00,0,0
1410567526,s2-eth3,4202.98,208013.92,212216.91,209054,4224,63.68,138.31,201.99,139,64,0.00,0.00,0,0
1410567526,s2-eth2,6698.51,316358.22,323056.72,317940,6732,101.49,208.96,310.45,210,102,0.00,0.00,0,0
1410567526,s3-eth1,208013.92,4202.98,212216.91,4224,209054,138.31,63.68,201.99,64,139,0.00,0.00,0,0
1410567526,s3-eth2,4202.98,208013.92,212216.91,209054,4224,63.68,138.31,201.99,139,64,0.00,0.00,0,0
1410567526,eth0,0.00,0.00,0.00,0,0,0.00,0.00,0.00,0,0,0.00,0.00,0,0
1410567526,lo,0.00,0.00,0.00,0,0,0.00,0.00,0.00,0,0,0.00,0.00,0,0
1410567526,total,1489227.88,1492240.75,2981468.50,1499702,1496674,1429.85,1431.84,2861.69,1439,1437,0.00,0.00,0,0
1410567527,s1-eth1,856402.81,16582.25,872985.06,16632,858972,568.30,251.25,819.54,252,570,0.00,0.00,0,0
1410567527,s1-eth3,9607.18,499118.66,508725.81,500616,9636,145.56,331.01,476.57,332,146,0.00,0.00,0,0
1410567527,s1-eth2,6975.07,354265.22,361240.28,355328,6996,105.68,235.29,340.98,236,106,0.00,0.00,0,0
1410567527,s2-eth1,499118.66,9607.18,508725.81,9636,500616,331.01,145.56,476.57,146,332,0.00,0.00,0,0
1410567527,s2-eth3,5066.80,276354.94,281421.75,277184,5082,76.77,183.45,260.22,184,77,0.00,0.00,0,0
1410567527,s2-eth2,4540.38,222763.70,227304.09,223432,4554,68.79,147.56,216.35,148,69,0.00,0.00,0,0
1410567527,s3-eth1,276354.94,5066.80,281421.75,5082,277184,183.45,76.77,260.22,77,184,0.00,0.00,0,0
1410567527,s3-eth2,5066.80,276354.94,281421.75,277184,5082,76.77,183.45,260.22,184,77,0.00,0.00,0,0
1410567527,eth0,0.00,0.00,0.00,0,0,0.00,0.00,0.00,0,0,0.00,0.00,0,0
1410567527,lo,0.00,0.00,0.00,0,0,0.00,0.00,0.00,0,0,0.00,0.00,0,0
1410567527,total,1663132.62,1660113.62,3323246.25,1665094,1668122,1556.33,1554.34,3110.67,1559,1561,0.00,0.00,0,0
1410567528,s1-eth1,787463.12,15994.01,803457.12,16026,789038,521.96,238.52,760.48,239,523,0.00,0.00,0,0
1410567528,s1-eth3,11922.16,609167.69,621089.81,610386,11946,180.64,404.19,584.83,405,181,0.00,0.00,0,0
1410567528,s1-eth2,4071.86,178295.41,182367.27,178652,4080,57.88,117.76,175.65,118,58,0.00,0.00,0,0
1410567528,s2-eth1,609167.69,11922.16,621089.81,11946,610386,404.19,180.64,584.83,181,405,0.00,0.00,0,0
1410567528,s2-eth3,6389.22,326493.03,332882.25,327146,6402,96.81,216.57,313.37,217,97,0.00,0.00,0,0
1410567528,s2-eth2,5532.93,282674.66,288207.59,283240,5544,83.83,187.62,271.46,188,84,0.00,0.00,0,0
1410567528,s3-eth1,326493.03,6389.22,332882.25,6402,327146,216.57,96.81,313.37,97,217,0.00,0.00,0,0
1410567528,s3-eth2,6389.22,326493.03,332882.25,327146,6402,96.81,216.57,313.37,217,97,0.00,0.00,0,0
1410567528,eth0,89.82,89.82,179.64,90,90,1.00,1.00,2.00,1,1,0.00,0.00,0,0
1410567528,lo,0.00,0.00,0.00,0,0,0.00,0.00,0.00,0,0,0.00,0.00,0,0
1410567528,total,1757519.00,1757519.00,3515038.00,1761034,1761034,1659.68,1659.68,3319.36,1663,1663,0.00,0.00,0,0
1410567529,s1-eth1,790689.94,15649.05,806339.00,15696,793062,525.42,231.31,756.73,232,527,0.00,0.00,0,0
1410567529,s1-eth3,10055.83,537736.81,547792.62,539350,10086,148.55,357.93,506.48,359,149,0.00,0.00,0,0
1410567529,s1-eth2,5593.22,252953.14,258546.36,253712,5610,82.75,167.50,250.25,168,83,0.00,0.00,0,0
1410567529,s2-eth1,538273.44,10065.87,548339.31,10086,539350,358.28,148.70,506.99,149,359,0.00,0.00,0,0
1410567529,s2-eth3,4331.01,219810.56,224141.58,220470,4344,61.81,146.56,208.37,147,62,0.00,0.00,0,0
1410567529,s2-eth2,5724.83,317926.22,323651.06,318880,5742,86.74,211.37,298.11,212,87,0.00,0.00,0,0
1410567529,s3-eth1,219810.56,4331.01,224141.58,4344,220470,146.56,61.81,208.37,62,147,0.00,0.00,0,0
1410567529,s3-eth2,4331.01,219810.56,224141.58,220470,4344,61.81,146.56,208.37,147,62,0.00,0.00,0,0
1410567529,eth0,0.00,0.00,0.00,0,0,0.00,0.00,0.00,0,0,0.00,0.00,0,0
1410567529,lo,514.46,514.46,1028.91,516,516,8.97,8.97,17.95,9,9,0.00,0.00,0,0
1410567529,total,1578787.62,1578787.62,3157575.25,1583524,1583524,1480.56,1480.56,2961.12,1485,1485,0.00,0.00,0,0
1410567530,s1-eth1,698310.75,16458.17,714768.94,16524,701104,462.15,239.04,701.20,240,464,0.00,0.00,0,0
1410567530,s1-eth3,12501.99,539974.12,552476.12,542134,12552,181.27,357.57,538.84,359,182,0.00,0.00,0,0
1410567530,s1-eth2,3956.18,161352.59,165308.77,161998,3972,57.77,106.57,164.34,107,58,0.00,0.00,0,0
1410567530,s2-eth1,538900.62,12477.14,551377.75,12552,542134,356.86,180.91,537.77,182,359,0.00,0.00,0,0
1410567530,s2-eth3,6998.02,313293.06,320291.09,316426,7068,102.97,206.93,309.90,209,104,0.00,0.00,0,0
1410567530,s2-eth2,5429.70,223473.27,228902.97,225708,5484,77.23,148.51,225.74,150,78,0.00,0.00,0,0
1410567530,s3-eth1,313293.06,6998.02,320291.09,7068,316426,206.93,102.97,309.90,104,209,0.00,0.00,0,0
1410567530,s3-eth2,6991.10,312983.19,319974.28,316426,7068,102.87,206.73,309.59,209,104,0.00,0.00,0,0
1410567530,eth0,0.00,0.00,0.00,0,0,0.00,0.00,0.00,0,0,0.00,0.00,0,0
1410567530,lo,0.00,0.00,0.00,0,0,0.00,0.00,0.00,0,0,0.00,0.00,0,0
1410567530,total,1578445.12,1581440.25,3159885.25,1598836,1595808,1541.05,1543.03,3084.08,1560,1558,0.00,0.00,0,0
1410567531,s1-eth1,843233.94,17917.08,861151.00,18150,854196,558.74,271.47,830.21,275,566,0.00,0.00,0,0
1410567531,s1-eth3,12965.45,578694.94,591660.44,586218,13134,196.45,384.01,580.45,389,199,0.00,0.00,0,0
1410567531,s1-eth2,4886.48,261549.84,266436.31,264950,4950,74.04,172.75,246.79,175,75,0.00,0.00,0,0
1410567531,s2-eth1,579266.81,12978.26,592245.06,13134,586218,384.39,196.64,581.03,199,389,0.00,0.00,0,0
1410567531,s2-eth3,7005.95,329111.09,336117.06,331744,7062,106.15,218.25,324.40,220,107,0.00,0.00,0,0
1410567531,s2-eth2,6023.81,252454.36,258478.17,254474,6072,91.27,167.66,258.93,169,92,0.00,0.00,0,0
1410567531,s3-eth1,329111.09,7005.95,336117.06,7062,331744,218.25,106.15,324.40,107,220,0.00,0.00,0,0
1410567531,s3-eth2,7012.91,329437.94,336450.84,331744,7062,106.26,218.47,324.73,220,107,0.00,0.00,0,0
1410567531,eth0,89.37,89.37,178.75,90,90,0.99,0.99,1.99,1,1,0.00,0.00,0,0
1410567531,lo,0.00,0.00,0.00,0,0,0.00,0.00,0.00,0,0,0.00,0.00,0,0
1410567531,total,1796158.62,1793220.12,3589378.75,1807566,1810528,1742.06,1741.07,3483.13,1755,1756,0.00,0.00,0,0
1410567532,s2-eth3,3425.15,149840.33,153265.47,150140,3432,51.90,101.80,153.69,102,52,0.00,0.00,0,0
1410567532,s2-eth2,3880.24,118738.52,122618.77,118976,3888,55.89,79.84,135.73,80,56,0.00,0.00,0,0
1410567532,s3-eth1,149840.33,3425.15,153265.47,3432,150140,101.80,51.90,153.69,52,102,0.00,0.00,0,0
1410567532,s3-eth2,3425.15,149840.33,153265.47,150140,3432,51.90,101.80,153.69,102,52,0.00,0.00,0,0
1410567532,eth0,840.32,179.64,1019.96,180,842,6.99,2.99,9.98,3,7,0.00,0.00,0,0
1410567532,lo,323.35,323.35,646.71,324,324,4.99,4.99,9.98,5,5,0.00,0.00,0,0
1410567532,total,18428316258828025856.00,18428316258828025856.00,18428316258828025856.00,18446744073684491677,18446744073667854377,18428316258827991040.00,18428316258827997184.00,18428316258827962368.00,18446744073709522474,18446744073709516575,0.00,0.00,0,0
1410567533,eth0,604.79,179.64,784.43,180,606,4.99,2.99,7.98,3,5,0.00,0.00,0,0
1410567533,lo,594.22,594.22,1188.43,596,596,8.97,8.97,1