1410567547,s1-eth1,0.00,0.00,0.00,0,0,0.00,0.00,0.00,0,0,0.00,0.00,0,0
1410567547,s1-eth3,0.00,0.00,0.00,0,0,0.00,0.00,0.00,0,0,0.00,0.00,0,0
1410567547,s1-eth2,0.00,0.00,0.00,0,0,0.00,0.00,0.00,0,0,0.00,0.00,0,0
1410567547,s2-eth1,0.00,0.00,0.00,0,0,0.00,0.00,0.00,0,0,0.00,0.00,0,0
1410567547,s2-eth3,0.00,0.00,0.00,0,0,0.00,0.00,0.00,0,0,0.00,0.00,0,0
1410567547,s2-eth2,0.00,0.00,0.00,0,0,0.00,0.00,0.00,0,0,0.00,0.00,0,0
1410567547,s3-eth1,0.00,0.00,0.00,0,0,0.00,0.00,0.00,0,0,0.00,0.00,0,0
1410567547,s3-eth3,0.00,0.00,0.00,0,0,0.00,0.00,0.00,0,0,0.00,0.00,0,0
1410567547,s3-eth2,0.00,0.00,0.00,0,0,0.00,0.00,0.00,0,0,0.00,0.00,0,0
1410567547,eth0,0.00,0.00,0.00,0,0,0.00,0.00,0.00,0,0,0.00,0.00,0,0
1410567547,lo,0.00,0.00,0.00,0,0,0.00,0.00,0.00,0,0,0.00,0.00,0,0
1410567547,s4-eth1,0.00,0.00,0.00,0,0,0.00,0.00,0.00,0,0,0.00,0.00,0,0
1410567547,s4-eth2,0.00,0.00,0.00,0,0,0.00,0.00,0.00,0,0,0.00,0.00,0,0
1410567547,total,0.00,0.00,0.00,0,0,0.00,0.00,0.00,0,0,0.00,0.00,0,0
1410567548,s1-eth1,956456.56,22385.38,978841.94,22654,967934,635.38,327.08,962.45,331,643,0.00,0.00,0,0
1410567548,s1-eth3,17167.98,725944.69,743112.69,734656,17374,248.02,482.21,730.24,488,251,0.00,0.00,0,0
1410567548,s1-eth2,5281.34,243735.44,249016.78,246904,5350,79.96,161.90,241.86,164,81,0.00,0.00,0,0
1410567548,s2-eth1,725228.00,17151.04,742379.06,17374,734656,481.74,247.78,729.52,251,488,0.00,0.00,0,0
1410567548,s2-eth3,11340.57,458266.53,469607.09,464224,11488,163.87,304.05,467.92,308,166,0.00,0.00,0,0
1410567548,s2-eth2,5879.57,268456.06,274335.62,271946,5956,84.90,178.68,263.57,181,86,0.00,0.00,0,0
1410567548,s3-eth1,458266.53,11340.57,469607.09,11488,464224,304.05,163.87,467.92,166,308,0.00,0.00,0,0
1410567548,s3-eth3,4659.43,208552.81,213212.23,211264,4720,65.15,138.20,203.36,140,66,0.00,0.00,0,0
1410567548,s3-eth2,6750.25,239251.72,246001.97,242362,6838,99.70,158.93,258.64,161,101,0.00,0.00,0,0
1410567548,eth0,0.00,0.00,0.00,0,0,0.00,0.00,0.00,0,0,0.00,0.00,0,0
1410567548,lo,1058.24,1058.24,2116.49,1072,1072,11.85,11.85,23.69,12,12,0.00,0.00,0,0
1410567548,s4-eth1,208552.81,4659.43,213212.23,4720,211264,138.20,65.15,203.36,66,140,0.00,0.00,0,0
1410567548,s4-eth2,4659.43,208552.81,213212.23,211264,4720,65.15,138.20,203.36,140,66,0.00,0.00,0,0
1410567548,total,2404339.50,2408616.00,4812955.50,2439928,2435596,2377.10,2377.10,4754.20,2408,2408,0.00,0.00,0,0
1410567549,s1-eth1,945733.31,20280.60,966013.94,20382,950462,627.86,303.48,931.34,305,631,0.00,0.00,0,0
1410567549,s1-eth3,12346.27,606656.69,619003.00,609690,12408,187.06,402.99,590.05,405,188,0.00,0.00,0,0
1410567549,s1-eth2,7950.15,326167.50,334117.66,327146,7974,116.65,216.35,333.00,217,117,0.00,0.00,0,0
1410567549,s2-eth1,607866.38,12370.89,620237.31,12408,609690,403.79,187.44,591.23,188,405,0.00,0.00,0,0
1410567549,s2-eth3,7369.89,360191.44,367561.31,361272,7392,111.67,239.28,350.95,240,112,0.00,0.00,0,0
1410567549,s2-eth2,5001.00,246165.50,251166.50,246904,5016,75.77,163.51,239.28,164,76,0.00,0.00,0,0
1410567549,s3-eth1,360191.44,7369.89,367561.31,7392,361272,239.28,111.67,350.95,112,240,0.00,0.00,0,0
1410567549,s3-eth3,3487.54,165347.95,168835.50,165844,3498,52.84,109.67,162.51,110,53,0.00,0.00,0,0
1410567549,s3-eth2,3882.35,194843.47,198725.83,195428,3894,58.82,129.61,188.43,130,59,0.00,0.00,0,0
1410567549,eth0,0.00,0.00,0.00,0,0,0.00,0.00,0.00,0,0,0.00,0.00,0,0
1410567549,lo,0.00,0.00,0.00,0,0,0.00,0.00,0.00,0,0,0.00,0.00,0,0
1410567549,s4-eth1,165347.95,3487.54,168835.50,3498,165844,109.67,52.84,162.51,53,110,0.00,0.00,0,0
1410567549,s4-eth2,3487.54,165347.95,168835.50,165844,3498,52.84,109.67,162.51,110,53,0.00,0.00,0,0
1410567549,total,2124574.25,2109479.50,4234054.00,2115808,2130948,2037.89,2027.92,4065.80,2034,2044,0.00,0.00,0,0
1410567550,s1-eth1,798550.31,17082.84,815633.12,17322,809730,531.56,255.42,786.98,259,539,0.00,0.00,0,0
1410567550,s1-eth3,11045.37,568465.50,579510.88,576424,11200,167.65,378.70,546.35,384,170,0.00,0.00,0,0
1410567550,s1-eth2,6059.17,233153.84,239213.02,236418,6144,88.76,156.80,245.56,159,90,0.00,0.00,0,0
1410567550,s2-eth1,568465.50,11045.37,579510.88,11200,576424,378.70,167.65,546.35,170,384,0.00,0.00,0,0
1410567550,s2-eth3,7293.89,359270.22,366564.09,364300,7396,110.45,238.66,349.11,242,112,0.00,0.00,0,0
1410567550,s2-eth2,3816.75,208989.17,212805.91,212124,3874,58.13,139.90,198.03,142,59,0.00,0.00,0,0
1410567550,s3-eth1,358916.25,7286.70,366202.97,7396,364300,238.42,110.34,348.77,112,242,0.00,0.00,0,0
1410567550,s3-eth3,3840.39,214914.28,218754.69,218138,3898,58.13,142.86,200.99,145,59,0.00,0.00,0,0
1410567550,s3-eth2,3515.27,144001.97,147517.25,146162,3568,53.20,95.57,148.77,97,54,0.00,0.00,0,0
1410567550,eth0,0.00,0.00,0.00,0,0,0.00,0.00,0.00,0,0,0.00,0.00,0,0
1410567550,lo,2222.66,2222.66,4445.32,2256,2256,23.65,23.65,47.29,24,24,0.00,0.00,0,0
1410567550,s4-eth1,214914.28,3840.39,218754.69,3898,218138,142.86,58.13,200.99,59,145,0.00,0.00,0,0
1410567550,s4-eth2,3840.39,214914.28,218754.69,218138,3898,58.13,142.86,200.99,145,59,0.00,0.00,0,0
1410567550,total,1981109.38,1984015.75,3965125.25,2013776,2010826,1908.37,1909.36,3817.73,1938,1937,0.00,0.00,0,0
1410567551,s1-eth1,898110.12,19091.45,917201.56,19416,913378,596.85,285.15,882.01,290,607,0.00,0.00,0,0
1410567552,s1-eth3,12476.47,607543.12,620019.62,619694,12726,185.29,406.86,592.16,415,189,0.00,0.00,0,0
1410567552,s1-eth2,6504.17,276611.66,283115.84,298464,7018,99.17,185.36,284.52,200,107,0.00,0.00,0,0
1410567552,s2-eth1,573790.75,11783.33,585574.06,12726,619694,384.26,175.00,559.26,189,415,0.00,0.00,0,0
1410567552,s2-eth3,11581.48,569598.12,581179.62,615166,12508,172.22,382.41,554.63,413,186,0.00,0.00,0,0
1410567552,s2-eth2,448.56,4352.18,4800.74,4696,484,7.41,5.56,12.97,6,8,0.00,0.00,0,0
1410567552,s3-eth1,615785.00,12387.40,628172.38,13366,664432,413.35,184.43,597.78,199,446,0.00,0.00,0,0
1410567552,s3-eth3,7354.96,358856.34,366211.31,387206,7936,107.51,241.89,349.40,261,116,0.00,0.00,0,0
1410567552,s3-eth2,5071.36,257154.77,262226.12,277470,5472,77.85,175.16,253.01,189,84,0.00,0.00,0,0
1410567552,eth0,0.00,0.00,0.00,0,0,0.00,0.00,0.00,0,0,0.00,0.00,0,0
1410567552,lo,7662.65,7662.65,15325.30,8268,8268,80.63,80.63,161.26,87,87,0.00,0.00,0,0
1410567552,s4-eth1,358856.34,7354.96,366211.31,7936,387206,241.89,107.51,349.40,116,261,0.00,0.00,0,0
1410567552,s4-eth2,7354.96,358856.34,366211.31,387206,7936,107.51,241.89,349.40,261,116,0.00,0.00,0,0
1410567552,total,2453251.00,2457473.50,4910724.50,2651614,2647058,2430.03,2433.73,4863.76,2626,2622,0.00,0.00,0,0
1410567553,s1-eth1,1037877.81,19729.32,1057607.12,20992,1104302,690.79,298.87,989.66,318,735,0.00,0.00,0,0
1410567553,s1-eth3,16590.01,885864.31,902454.31,939902,17602,251.65,589.07,840.72,625,267,0.00,0.00,0,0
1410567553,s1-eth2,3724.55,156447.11,160171.66,156760,3732,55.89,103.79,159.68,104,56,0.00,0.00,0,0
1410567553,s2-eth1,938026.00,17566.87,955592.81,17602,939902,623.75,266.47,890.22,267,625,0.00,0.00,0,0
1410567553,s2-eth3,13039.92,680385.25,693425.19,681746,13066,198.60,454.09,652.69,455,199,0.00,0.00,0,0
1410567553,s2-eth2,4882.24,257724.56,262606.78,258240,4892,73.85,171.66,245.51,172,74,0.00,0.00,0,0
1410567553,s3-eth1,631217.56,12183.63,643401.19,12208,632480,421.16,185.63,606.79,186,422,0.00,0.00,0,0
1410567553,s3-eth3,4942.12,263768.47,268710.59,264296,4952,75.85,175.65,251.50,176,76,0.00,0.00,0,0
1410567553,s3-eth2,7652.69,367289.44,374942.12,368024,7668,115.77,243.51,359.28,244,116,0.00,0.00,0,0
1410567553,eth0,0.00,0.00,0.00,0,0,0.00,0.00,0.00,0,0,0.00,0.00,0,0
1410567553,lo,5900.20,5900.20,11800.40,5912,5912,62.87,62.87,125.75,63,63,0.00,0.00,0,0
1410567553,s4-eth1,263768.47,4942.12,268710.59,4952,264296,175.65,75.85,251.50,76,176,0.00,0.00,0,0
1410567553,s4-eth2,4942.12,263768.47,268710.59,264296,4952,75.85,175.65,251.50,176,76,0.00,0.00,0,0
1410567553,total,2997760.50,2988952.25,5986712.50,2994930,3003756,2879.24,2856.29,5735.53,2862,2885,0.00,0.00,0,0
1410567554,s1-eth1,830014.00,16083.83,846097.81,16116,831674,551.90,235.53,787.43,236,553,0.00,0.00,0,0
1410567554,s1-eth3,11311.38,525369.25,536680.62,526420,11334,166.67,349.30,515.97,350,167,0.00,0.00,0,0
1410567554,s1-eth2,4772.46,304644.72,309417.19,305254,4782,68.86,202.59,271.46,203,69,0.00,0.00,0,0
1410567554,s2-eth1,524845.44,11300.10,536145.56,11334,526420,348.95,166.50,515.45,167,350,0.00,0.00,0,0
1410567554,s2-eth3,6514.46,345096.72,351611.16,346132,6534,98.70,229.31,328.02,230,99,0.00,0.00,0,0
1410567554,s2-eth2,4785.64,179748.75,184534.39,180288,4800,67.80,119.64,187.44,120,68,0.00,0.00,0,0
1410567554,s3-eth1,345096.72,6514.46,351611.16,6534,346132,229.31,98.70,328.02,99,230,0.00,0.00,0,0
1410567554,s3-eth3,3553.34,168366.91,171920.23,168872,3564,53.84,111.67,165.50,112,54,0.00,0.00,0,0
1410567554,s3-eth2,2961.12,176729.81,179690.92,177260,2970,44.87,117.65,162.51,118,45,0.00,0.00,0,0
1410567554,eth0,0.00,0.00,0.00,0,0,0.00,0.00,0.00,0,0,0.00,0.00,0,0
1410567554,lo,0.00,0.00,0.00,0,0,0.00,0.00,0.00,0,0,0.00,0.00,0,0
1410567554,s4-eth1,168366.91,3553.34,171920.23,3564,168872,111.67,53.84,165.50,54,112,0.00,0.00,0,0
1410567554,s4-eth2,3553.34,168366.91,171920.23,168872,3564,53.84,111.67,165.50,112,54,0.00,0.00,0,0
1410567554,total,1904931.25,1904931.25,3809862.50,1910646,1910646,1795.61,1795.61,3591.23,1801,1801,0.00,0.00,0,0
1410567555,s1-eth1,866134.94,17096.78,883231.69,17490,886056,574.78,259.04,833.82,265,588,0.00,0.00,0,0
1410567555,s1-eth3,13677.42,688539.62,702217.00,704376,13992,207.23,457.48,664.71,468,212,0.00,0.00,0,0
1410567555,s1-eth2,3419.35,177595.31,181014.67,181680,3498,51.81,117.30,169.11,120,53,0.00,0.00,0,0
1410567555,s2-eth1,688539.62,13677.42,702217.00,13992,704376,457.48,207.23,664.71,212,468,0.00,0.00,0,0
1410567555,s2-eth3,9483.87,473826.00,483309.88,484724,9702,143.70,314.76,458.46,322,147,0.00,0.00,0,0
1410567555,s2-eth2,4193.55,214713.59,218907.14,219652,4290,63.54,142.72,206.26,146,65,0.00,0.00,0,0
1410567555,s3-eth1,488625.62,9548.39,498174.00,9768,499864,324.54,144.67,469.21,148,332,0.00,0.00,0,0
1410567555,s3-eth3,6058.59,264093.75,270152.34,270432,6204,91.80,175.78,267.58,180,94,0.00,0.00,0,0
1410567555,s3-eth2,3483.87,227233.62,230717.50,232460,3564,52.79,150.54,203.32,154,54,0.00,0.00,0,0
1410567555,eth0,0.00,0.00,0.00,0,0,0.00,0.00,0.00,0,0,0.00,0.00,0,0
1410567555,lo,0.00,0.00,0.00,0,0,0.00,0.00,0.00,0,0,0.00,0.00,0,0
1410567555,s4-eth1,264093.75,6058.59,270152.34,6204,270432,175.78,91.80,267.58,94,180,0.00,0.00,0,0
1410567555,s4-eth2,6058.59,264093.75,270152.34,270432,6204,91.80,175.78,267.58,180,94,0.00,0.00,0,0
1410567555,total,2351740.25,2354697.25,4706437.50,2411210,2408182,2233.40,2235.35,4468.75,2289,2287,0.00,0.00,0,0
1410567556,s1-eth1,764007.94,16617.68,780625.62,16734,769356,506.45,241.31,747.77,243,510,0.00,0.00,0,0
1410567556,s1-eth3,11136.90,530321.44,541458.31,534564,11226,161.71,351.19,512.90,354,163,0.00,0.00,0,0
1410567556,s1-eth2,5464.29,235932.53,241396.81,237820,5508,79.37,156.75,236.11,158,80,0.00,0.00,0,0
1410567556,s2-eth1,530321.44,11136.90,541458.31,11226,534564,351.19,161.71,512.90,163,354,0.00,0.00,0,0
1410567556,s2-eth3,7523.81,347079.34,354603.16,349856,7584,111.11,230.16,341.27,232,112,0.00,0.00,0,0
1410567556,s2-eth2,3613.10,184744.05,188357.14,186222,3642,50.60,122.02,172.62,123,51,0.00,0.00,0,0
1410567556,s3-eth1,333892.75,7465.74,341358.50,7518,336230,221.45,110.23,331.68,111,223,0.00,0.00,0,0
1410567556,s3-eth3,4319.76,212802.39,217122.14,214292,4350,62.56,141.01,203.57,142,63,0.00,0.00,0,0
1410567556,s3-eth2,3145.98,118083.41,121229.40,118910,3168,47.67,78.45,126.12,79,48,0.00,0.00,0,0
1410567556,eth0,0.00,0.00,0.00,0,0,0.00,0.00,0.00,0,0,0.00,0.00,0,0
1410567556,lo,0.00,0.00,0.00,0,0,0.00,0.00,0.00,0,0,0.00,0.00,0,0
1410567556,s4-eth1,212591.27,4315.48,216906.73,4350,214292,140.87,62.50,203.37,63,142,0.00,0.00,0,0
1410567556,s4-eth2,4315.48,212591.27,216906.73,214292,4350,62.50,140.87,203.37,142,63,0.00,0.00,0,0
1410567556,total,1879236.00,1880738.00,3759974.00,1895784,1894270,1794.64,1795.63,3590.28,1810,1809,0.00,0.00,0,0
1410567557,s1-eth1,888988.06,18268.39,907256.44,18378,894322,589.46,267.40,856.86,269,593,0.00,0.00,0,0
1410567557,s1-eth3,13379.10,650222.88,663602.00,653474,13446,196.02,430.85,626.87,433,197,0.00,0.00,0,0
1410567557,s1-eth2,4841.79,236636.81,241478.61,237820,4866,70.65,157.21,227.86,158,71,0.00,0.00,0,0
1410567557,s2-eth1,650222.88,13379.10,663602.00,13446,653474,430.85,196.02,626.87,197,433,0.00,0.00,0,0
1410567557,s2-eth3,9241.79,457395.03,466636.81,459682,9288,133.33,303.48,436.82,305,134,0.00,0.00,0,0
1410567557,s2-eth2,4137.31,191321.39,195458.70,192278,4158,62.69,126.37,189.05,127,63,0.00,0.00,0,0
1410567557,s3-eth1,455888.56,9307.46,465196.00,9354,458168,302.49,134.33,436.82,135,304,0.00,0.00,0,0
1410567557,s3-eth3,3217.91,139408.95,142626.86,140106,3234,48.76,92.54,141.29,93,49,0.00,0.00,0,0
1410567557,s3-eth2,6023.88,316479.59,322503.47,318062,6054,84.58,209.95,294.53,211,85,0.00,0.00,0,0
1410567557,eth0,0.00,0.00,0.00,0,0,0.00,0.00,0.00,0,0,0.00,0.00,0,0
1410567557,lo,0.00,0.00,0.00,0,0,0.00,0.00,0.00,0,0,0.00,0.00,0,0
1410567557,s4-eth1,136025.23,3139.81,139165.05,3234,140106,90.29,47.57,137.86,49,93,0.00,0.00,0,0
1410567557,s4-eth2,3203.88,138965.05,142168.94,143134,3300,48.54,92.23,140.78,95,50,0.00,0.00,0,0
1410567557,total,2126617.50,2125211.50,4251829.00,2188968,2190416,2011.65,2011.65,4023.30,2072,2072,0.00,0.00,0,0
1410567558,s1-eth1,875599.62,18988.51,894588.12,19824,914126,581.42,283.52,864.94,296,607,0.00,0.00,0,0
1410567558,s1-eth3,14247.13,682607.25,696854.38,712642,14874,211.69,453.07,664.75,473,221,0.00,0.00,0,0
1410567558,s1-eth2,4804.60,201693.48,206498.08,210568,5016,72.80,134.10,206.90,140,76,0.00,0.00,0,0
1410567558,s2-eth1,682607.25,14247.13,696854.38,14874,712642,453.07,211.69,664.75,221,473,0.00,0.00,0,0
1410567558,s2-eth3,11275.86,518735.62,530011.50,541560,11772,166.67,344.83,511.49,360,174,0.00,0.00,0,0
1410567558,s2-eth2,2901.78,160039.30,162941.06,171082,3102,43.97,105.71,149.67,113,47,0.00,0.00,0,0
1410567558,s3-eth1,507078.66,10960.67,518039.34,11706,541560,337.08,161.99,499.06,173,360,0.00,0.00,0,0
1410567558,s3-eth3,5494.85,313876.53,319371.38,335534,5874,83.26,208.61,291.86,223,89,0.00,0.00,0,0
1410567558,s3-eth2,5517.31,192727.78,198245.09,206026,5898,79.51,128.16,207.67,137,85,0.00,0.00,0,0
1410567558,eth0,0.00,0.00,0.00,0,0,0.00,0.00,0.00,0,0,0.00,0.00,0,0
1410567558,lo,644.19,644.19,1288.39,688,688,11.24,11.24,22.47,12,12,0.00,0.00,0,0
1410567558,s4-eth1,321700.88,5631.83,327332.69,5874,335534,213.81,85.33,299.14,89,223,0.00,0.00,0,0
1410567558,s4-eth2,5563.22,341695.41,347258.62,356730,5808,84.29,227.01,311.30,237,88,0.00,0.00,0,0
1410567558,total,2449132.25,2478072.75,4927205.00,2587108,2556894,2351.53,2369.73,4721.26,2474,2455,0.00,0.00,0,0
1410567559,s1-eth1,807909.00,15386.25,823295.25,15894,834570,535.33,227.49,762.83,235,553,0.00,0.00,0,0
1410567559,s1-eth3,12447.24,648828.69,661275.94,670240,12858,182.96,429.82,612.78,444,189,0.00,0.00,0,0
1410567559,s1-eth2,2939.01,150286.55,153225.56,155246,3036,44.53,99.71,144.24,103,46,0.00,0.00,0,0
1410567559,s2-eth1,649457.38,12459.30,661916.69,12858,670240,430.23,183.14,613.37,189,444,0.00,0.00,0,0
1410567559,s2-eth3,8377.91,541579.44,549957.38,558910,8646,126.94,359.50,486.43,371,131,0.00,0.00,0,0
1410567559,s2-eth2,4178.57,118077.38,122255.95,119022,4212,57.54,78.37,135.91,79,58,0.00,0.00,0,0
1410567559,s3-eth1,554474.19,8577.38,563051.56,8646,558910,368.06,129.96,498.02,131,371,0.00,0.00,0,0
1410567559,s3-eth3,3470.24,203579.36,207049.59,205208,3498,52.58,134.92,187.50,136,53,0.00,0.00,0,0
1410567559,s3-eth2,5107.14,350894.84,356001.97,353702,5148,77.38,233.13,310.52,235,78,0.00,0.00,0,0
1410567559,eth0,0.00,0.00,0.00,0,0,0.00,0.00,0.00,0,0,0.00,0.00,0,0
1410567559,lo,0.00,0.00,0.00,0,0,0.00,0.00,0.00,0,0,0.00,0.00,0,0
1410567559,s4-eth1,203579.36,3470.24,207049.59,3498,205208,134.92,52.58,187.50,53,136,0.00,0.00,0,0
1410567559,s4-eth2,3473.68,179725.92,183199.61,180984,3498,52.63,119.17,171.80,120,53,0.00,0.00,0,0
1410567559,total,2293767.75,2268329.75,4562097.50,2284208,2309824,2097.32,2081.43,4178.75,2096,2112,0.00,0.00,0,0
1410567560,s1-eth1,1030240.88,17721.62,1047962.50,17952,1043634,684.11,268.51,952.62,272,693,0.00,0.00,0,0
1410567560,s1-eth3,12313.92,791796.62,804110.56,802090,12474,186.57,526.16,712.73,533,189,0.00,0.00,0,0
1410567560,s1-eth2,5402.37,248660.75,254063.12,252142,5478,81.85,164.69,246.55,167,83,0.00,0.00,0,0
1410567560,s2-eth1,791015.81,12301.78,803317.56,12474,802090,525.64,186.39,712.03,189,533,0.00,0.00,0,0
1410567560,s2-eth3,9633.14,618382.62,628015.81,627040,9768,145.96,410.26,556.21,416,148,0.00,0.00,0,0
1410567560,s2-eth2,2668.64,165047.34,167715.98,167358,2706,40.43,109.47,149.90,111,41,0.00,0.00,0,0
1410567560,s3-eth1,618382.62,9633.14,628015.81,9768,627040,410.26,145.96,556.21,148,416,0.00,0.00,0,0
1410567560,s3-eth3,3121.18,243255.17,246376.36,246904,3168,47.29,161.58,208.87,164,48,0.00,0.00,0,0
1410567560,s3-eth2,6352.26,365867.19,372219.44,380136,6600,96.25,242.54,338.79,252,100,0.00,0.00,0,0
1410567560,eth0,0.00,0.00,0.00,0,0,0.00,0.00,0.00,0,0,0.00,0.00,0,0
1410567560,lo,0.00,0.00,0.00,0,0,0.00,0.00,0.00,0,0,0.00,0.00,0,0
1410567560,s4-eth1,237636.19,3049.09,240685.28,3168,246904,157.84,46.20,204.04,48,164,0.00,0.00,0,0
1410567560,s4-eth2,3239.65,242007.70,245247.36,251446,3366,49.09,160.73,209.82,167,51,0.00,0.00,0,0
1410567560,total,2659507.25,2666485.00,5325992.50,2770478,2763228,2373.44,2374.40,4747.83,2467,2466,0.00,0.00,0,0
1410567561,s1-eth1,877388.06,15817.16,893205.25,16956,940560,582.09,235.07,817.16,252,624,0.00,0.00,0,0
1410567561,s1-eth3,12923.51,729095.12,742018.62,781590,13854,191.23,484.14,675.37,519,205,0.00,0.00,0,0
1410567561,s1-eth2,2896.36,142776.84,145673.20,152914,3102,43.88,94.30,138.19,101,47,0.00,0.00,0,0
1410567561,s2-eth1,729775.94,12935.57,742711.50,13854,781590,484.59,191.41,676.00,205,519,0.00,0.00,0,0
1410567561,s2-eth3,7736.69,474444.44,482181.16,508130,8286,114.85,314.66,429.51,337,123,0.00,0.00,0,0
1410567561,s2-eth2,5198.88,258158.73,263357.62,276488,5568,76.56,171.80,248.37,184,82,0.00,0.00,0,0
1410567561,s3-eth1,474001.88,7729.48,481731.34,8286,508130,314.37,114.74,429.10,123,337,0.00,0.00,0,0
1410567561,s3-eth3,4224.09,182358.55,186582.64,195306,4524,61.62,120.45,182.07,129,66,0.00,0.00,0,0
1410567561,s3-eth2,3593.12,298781.28,302374.41,312824,3762,54.44,198.66,253.10,208,57,0.00,0.00,0,0
1410567561,eth0,0.00,0.00,0.00,0,0,0.00,0.00,0.00,0,0,0.00,0.00,0,0
1410567561,lo,0.00,0.00,0.00,0,0,0.00,0.00,0.00,0,0,0.00,0.00,0,0
1410567561,s4-eth1,183730.95,4255.88,187986.83,4524,195306,121.35,62.09,183.44,66,129,0.00,0.00,0,0
1410567561,s4-eth2,4317.97,188003.77,192321.73,199848,4590,63.03,124.18,187.21,132,67,0.00,0.00,0,0
1410567561,total,2316390.25,2317748.75,4634139.00,2470720,2469272,2116.32,2116.32,4232.65,2256,2256,0.00,0.00,0,0
1410567562,s1-eth1,849194.00,16024.25,865218.25,17178,910336,563.43,241.60,805.04,259,604,0.00,0.00,0,0
1410567562,s1-eth3,11714.55,613171.62,624886.19,657320,12558,176.31,406.72,583.02,436,189,0.00,0.00,0,0
1410567562,s1-eth2,4309.70,238847.02,243156.72,256044,4620,65.30,158.58,223.88,170,70,0.00,0.00,0,0
1410567562,s2-eth1,613171.62,11714.55,624886.19,12558,657320,406.72,176.31,583.02,189,436,0.00,0.00,0,0
1410567562,s2-eth3,7258.15,417882.56,425140.72,448388,7788,109.97,277.73,387.70,298,118,0.00,0.00,0,0
1410567562,s2-eth2,4445.48,191895.61,196341.09,205904,4770,66.17,126.75,192.92,136,71,0.00,0.00,0,0
1410567562,s3-eth1,417882.56,7258.15,425140.72,7788,448388,277.73,109.97,387.70,118,298,0.00,0.00,0,0
1410567562,s3-eth3,2521.90,145446.41,147968.31,156064,2706,38.21,96.92,135.14,104,41,0.00,0.00,0,0
1410567562,s3-eth2,4736.25,272436.16,277172.41,292324,5082,71.76,180.80,252.56,194,77,0.00,0.00,0,0
1410567562,eth0,0.00,0.00,0.00,0,0,0.00,0.00,0.00,0,0,0.00,0.00,0,0
1410567562,lo,0.00,0.00,0.00,0,0,0.00,0.00,0.00,0,0,0.00,0.00,0,0
1410567562,s4-eth1,147648.06,2560.08,150208.12,2706,156064,98.39,38.79,137.18,41,104,0.00,0.00,0,0
1410567562,s4-eth2,2310.31,139053.92,141364.23,146980,2442,35.00,92.72,127.72,98,37,0.00,0.00,0,0
1410567562,total,2100735.00,2092359.00,4193094.00,2203254,2212074,1942.07,1940.17,3882.24,2043,2045,0.00,0.00,0,0
1410567563,s1-eth1,881433.62,17085.94,898519.50,17496,902588,583.98,255.86,839.84,262,598,0.00,0.00,0,0
1410567563,s1-eth3,12199.41,623302.06,635501.50,637638,12480,181.82,413.49,595.31,423,186,0.00,0.00,0,0
1410567563,s1-eth2,4645.16,253073.31,257718.48,258894,4752,70.38,167.16,237.54,171,72,0.00,0.00,0,0
1410567563,s2-eth1,622693.38,12187.50,634880.88,12480,637638,413.09,181.64,594.73,186,423,0.00,0.00,0,0
1410567563,s2-eth3,8586.51,457427.19,466013.69,467948,8784,127.08,303.03,430.11,310,130,0.00,0.00,0,0
1410567563,s2-eth2,3612.90,165874.88,169487.78,169690,3696,54.74,110.46,165.20,113,56,0.00,0.00,0,0
1410567563,s3-eth1,450383.06,8454.28,458837.34,8784,467948,298.36,125.12,423.48,130,310,0.00,0.00,0,0
1410567563,s3-eth3,4951.01,182582.14,187533.14,190068,5154,72.05,121.04,193.08,126,75,0.00,0.00,0,0
1410567563,s3-eth2,3487.03,266935.66,270422.69,277880,3630,52.83,176.75,229.59,184,55,0.00,0.00,0,0
1410567563,eth0,0.00,0.00,0.00,0,0,0.00,0.00,0.00,0,0,0.00,0.00,0,0
1410567563,lo,660.90,660.90,1321.81,688,688,11.53,11.53,23.05,12,12,0.00,0.00,0,0
1410567563,s4-eth1,182582.14,4951.01,187533.14,5154,190068,121.04,72.05,193.08,75,126,0.00,0.00,0,0
1410567563,s4-eth2,4951.01,201488.95,206439.97,209750,5154,72.05,133.53,205.57,139,75,0.00,0.00,0,0
1410567563,total,2154255.50,2167598.50,4321854.00,2256470,2242580,2034.58,2047.07,4081.65,2131,2118,0.00,0.00,0,0
1410567564,s1-eth1,833754.50,15864.89,849619.44,16674,876276,553.76,236.92,790.68,249,582,0.00,0.00,0,0
1410567564,s1-eth3,12336.50,647855.50,660192.00,681544,12978,183.46,429.66,613.12,452,193,0.00,0.00,0,0
1410567564,s1-eth2,3760.68,183492.88,187253.56,193218,3960,56.98,122.51,179.49,129,60,0.00,0.00,0,0
1410567564,s2-eth1,647240.25,12324.79,659565.06,12978,681544,429.25,183.29,612.54,193,452,0.00,0.00,0,0
1410567564,s2-eth3,6393.16,408566.00,414959.16,430220,6732,96.87,271.60,368.47,286,102,0.00,0.00,0,0
1410567564,s2-eth2,5492.88,238674.27,244167.14,251324,5784,79.77,157.64,237.42,166,84,0.00,0.00,0,0
1410567564,s3-eth1,426961.41,6944.02,433905.41,7194,442332,283.78,105.21,389.00,109,294,0.00,0.00,0,0
1410567564,s3-eth3,3571.01,201984.55,205555.56,209054,3696,54.11,134.30,188.41,139,56,0.00,0.00,0,0
1410567564,s3-eth2,3379.71,225389.38,228769.09,233278,3498,51.21,149.76,200.97,155,53,0.00,0.00,0,0
1410567564,eth0,0.00,0.00,0.00,0,0,0.00,0.00,0.00,0,0,0.00,0.00,0,0
1410567564,lo,0.00,0.00,0.00,0,0,0.00,0.00,0.00,0,0,0.00,0.00,0,0
1410567564,s4-eth1,201789.58,3567.57,205357.14,3696,209054,134.17,54.05,188.22,56,139,0.00,0.00,0,0
1410567564,s4-eth2,3567.57,182791.50,186359.08,189372,3696,54.05,121.62,175.68,126,56,0.00,0.00,0,0
1410567564,total,2171380.25,2151112.00,4322492.50,2228552,2249550,1999.03,1988.42,3987.45,2060,2071,0.00,0.00,0,0
1410567565,s1-eth1,935923.62,16736.53,952660.12,17088,955578,619.98,244.86,864.84,250,633,0.00,0.00,0,0
1410567565,s1-eth3,10342.80,625204.69,635547.50,638334,10560,156.71,414.30,571.01,423,160,0.00,0.00,0,0
1410567565,s1-eth2,6400.00,319929.41,326329.41,326328,6528,88.24,211.76,300.00,216,90,0.00,0.00,0,0
1410567565,s2-eth1,625817.62,10352.94,636170.56,10560,638334,414.71,156.86,571.57,160,423,0.00,0.00,0,0
1410567565,s2-eth3,7311.76,464027.44,471339.22,473308,7458,110.78,307.84,418.63,314,113,0.00,0.00,0,0
1410567565,s2-eth2,3494.12,161790.20,165284.31,165026,3564,52.94,106.86,159.80,109,54,0.00,0.00,0,0
1410567565,s3-eth1,452152.94,6858.82,459011.75,6996,461196,300.00,103.92,403.92,106,306,0.00,0.00,0,0
1410567565,s3-eth3,3170.59,146947.06,150117.64,149886,3234,48.04,97.06,145.10,99,49,0.00,0.00,0,0
1410567565,s3-eth2,3688.24,306690.19,310378.44,312824,3762,55.88,203.92,259.80,208,57,0.00,0.00,0,0
1410567565,eth0,0.00,0.00,0.00,0,0,0.00,0.00,0.00,0,0,0.00,0.00,0,0
1410567565,lo,0.00,0.00,0.00,0,0,0.00,0.00,0.00,0,0,0.00,0.00,0,0
1410567565,s4-eth1,147091.27,3173.70,150264.97,3234,149886,97.15,48.09,145.24,49,99,0.00,0.00,0,0
1410567565,s4-eth2,3173.70,147091.27,150264.97,149886,3234,48.09,97.15,145.24,99,49,0.00,0.00,0,0
1410567565,total,2201505.50,2211452.50,4412958.00,2253470,2243334,1995.09,1995.09,3990.19,2033,2033,0.00,0.00,0,0
1410567566,s1-eth1,1132388.50,22535.86,1154924.38,22626,1136918,751.99,333.67,1085.66,335,755,0.00,0.00,0,0
1410567566,s1-eth3,15251.00,881195.25,896446.25,884720,15312,231.08,585.66,816.73,588,232,0.00,0.00,0,0
1410567566,s1-eth2,7284.86,322067.75,329352.59,323356,7314,102.59,213.15,315.74,214,103,0.00,0.00,0,0
1410567566,s2-eth1,882073.81,15266.20,897340.00,15312,884720,586.24,231.31,817.55,232,588,0.00,0.00,0,0
1410567566,s2-eth3,9870.39,641890.31,651760.75,643816,9900,149.55,426.72,576.27,428,150,0.00,0.00,0,0
1410567566,s2-eth2,5395.81,244711.86,250107.67,245446,5412,81.75,162.51,244.27,163,82,0.00,0.00,0,0
1410567566,s3-eth1,641890.31,9870.39,651760.75,9900,643816,426.72,149.55,576.27,150,428,0.00,0.00,0,0
1410567566,s3-eth3,4671.98,224338.98,229010.97,225012,4686,70.79,149.55,220.34,150,71,0.00,0.00,0,0
1410567566,s3-eth2,5198.40,416041.88,421240.28,417290,5214,78.76,276.17,354.94,277,79,0.00,0.00,0,0
1410567566,eth0,0.00,0.00,0.00,0,0,0.00,0.00,0.00,0,0,0.00,0.00,0,0
1410567566,lo,0.00,0.00,0.00,0,0,0.00,0.00,0.00,0,0,0.00,0.00,0,0
1410567566,s4-eth1,224338.98,4671.98,229010.97,4686,225012,149.55,70.79,220.34,71,150,0.00,0.00,0,0
1410567566,s4-eth2,4671.98,224338.98,229010.97,225012,4686,70.79,149.55,220.34,150,71,0.00,0.00,0,0
1410567566,total,2934187.50,3008151.50,5942339.00,3017176,2942990,2700.90,2749.75,5450.65,2758,2709,0.00,0.00,0,0
1410567567,s1-eth1,915732.81,16319.04,932051.88,16368,918480,606.18,247.26,853.44,248,608,0.00,0.00,0,0
1410567567,s1-eth3,13107.79,640137.75,653245.50,641418,13134,198.60,424.15,622.75,425,199,0.00,0.00,0,0
1410567567,s1-eth2,3224.33,196231.31,199455.64,196820,3234,48.85,129.61,178.46,130,49,0.00,0.00,0,0
1410567567,s2-eth1,639499.50,13094.72,652594.25,13134,641418,423.73,198.40,622.13,199,425,0.00,0.00,0,0
1410567567,s2-eth3,7304.09,356356.94,363661.03,357426,7326,110.67,236.29,346.96,237,111,0.00,0.00,0,0
1410567567,s2-eth2,5790.63,278614.16,284404.78,279450,5808,87.74,184.45,272.18,185,88,0.00,0.00,0,0
1410567567,s3-eth1,356356.94,7304.09,363661.03,7326,357426,236.29,110.67,346.96,111,237,0.00,0.00,0,0
1410567567,s3-eth3,3750.75,178933.20,182683.95,179470,3762,56.83,118.64,175.47,119,57,0.00,0.00,0,0
1410567567,s3-eth2,3553.34,177423.73,180977.06,177956,3564,53.84,117.65,171.49,118,54,0.00,0.00,0,0
1410567567,eth0,0.00,0.00,0.00,0,0,0.00,0.00,0.00,0,0,0.00,0.00,0,0
1410567567,lo,0.00,0.00,0.00,0,0,0.00,0.00,0.00,0,0,0.00,0.00,0,0
1410567567,s4-eth1,178933.20,3750.75,182683.95,3762,179470,118.64,56.83,175.47,57,119,0.00,0.00,0,0
1410567567,s4-eth2,3750.75,178933.20,182683.95,179470,3762,56.83,118.64,175.47,119,57,0.00,0.00,0,0
1410567567,total,2130991.00,2046460.62,4177451.75,2052600,2137384,1998.01,1942.17,3940.18,1948,2004,0.00,0.00,0,0
1410567568,s1-eth1,934173.44,14600.99,948774.38,14820,948186,619.70,212.81,832.51,216,629,0.00,0.00,0,0
1410567568,s1-eth3,11349.75,632003.94,643353.69,641484,11520,163.55,419.70,583.25,426,166,0.00,0.00,0,0
1410567568,s1-eth2,3251.23,309627.59,312878.81,314272,3300,49.26,204.93,254.19,208,50,0.00,0.00,0,0
1410567568,s2-eth1,632627.25,11360.95,643988.19,11520,641484,420.12,163.71,583.83,166,426,0.00,0.00,0,0
1410567568,s2-eth3,7538.46,501921.09,509459.56,508948,7644,108.48,333.33,441.81,338,110,0.00,0.00,0,0
1410567568,s2-eth2,3822.49,132199.22,136021.70,134050,3876,55.23,87.77,143.00,89,56,0.00,0.00,0,0
1410567568,s3-eth1,501426.59,7531.03,508957.62,7644,508948,333.00,108.37,441.38,110,338,0.00,0.00,0,0
1410567568,s3-eth3,5450.25,183590.16,189040.39,186344,5532,76.85,122.17,199.01,124,78,0.00,0.00,0,0
1410567568,s3-eth2,2080.79,317836.47,319917.25,322604,2112,31.53,210.84,242.36,214,32,0.00,0.00,0,0
1410567568,eth0,0.00,0.00,0.00,0,0,0.00,0.00,0.00,0,0,0.00,0.00,0,0
1410567568,lo,677.83,677.83,1355.67,688,688,11.82,11.82,23.65,12,12,0.00,0.00,0,0
1410567568,s4-eth1,183590.16,5450.25,189040.39,5532,186344,122.17,76.85,199.01,78,124,0.00,0.00,0,0
1410567568,s4-eth2,5450.25,183590.16,189040.39,186344,5532,76.85,122.17,199.01,124,78,0.00,0.00,0,0
1410567568,total,2290804.00,2299753.75,4590557.50,2334250,2325166,2067.98,2073.89,4141.87,2105,2099,0.00,0.00,0,0
1410567569,s1-eth1,963286.12,17252.24,980538.38,17304,966176,638.09,255.23,893.32,256,640,0.00,0.00,0,0
1410567569,s1-eth3,13371.26,778397.25,791768.50,779954,13398,196.61,515.97,712.57,517,197,0.00,0.00,0,0
1410567569,s1-eth2,3898.20,178295.41,182193.62,178652,3906,58.88,117.76,176.65,118,59,0.00,0.00,0,0
1410567569,s2-eth1,777621.12,13357.93,790979.06,13398,779954,515.45,196.41,711.86,197,517,0.00,0.00,0,0
1410567569,s2-eth3,9550.90,609862.31,619413.19,611082,9570,138.72,404.19,542.91,405,139,0.00,0.00,0,0
1410567569,s2-eth2,3820.36,167023.95,170844.31,167358,3828,57.88,110.78,168.66,111,58,0.00,0.00,0,0
1410567569,s3-eth1,609862.31,9550.90,619413.19,9570,611082,404.19,138.72,542.91,139,405,0.00,0.00,0,0
1410567569,s3-eth3,2898.20,160980.05,163878.25,161302,2904,43.91,106.79,150.70,107,44,0.00,0.00,0,0
1410567569,s3-eth2,6652.69,448882.25,455534.94,449780,6666,94.81,297.41,392.22,298,95,0.00,0.00,0,0
1410567569,eth0,0.00,0.00,0.00,0,0,0.00,0.00,0.00,0,0,0.00,0.00,0,0
1410567569,lo,0.00,0.00,0.00,0,0,0.00,0.00,0.00,0,0,0.00,0.00,0,0
1410567569,s4-eth1,160980.05,2898.20,163878.25,2904,161302,106.79,43.91,150.70,44,107,0.00,0.00,0,0
1410567569,s4-eth2,2898.20,160980.05,163878.25,161302,2904,43.91,106.79,150.70,107,44,0.00,0.00,0,0
1410567569,total,2556577.00,2547511.00,5104088.00,2552606,2561690,2300.40,2294.41,4594.81,2299,2305,0.00,0.00,0,0
1410567570,s1-eth1,664289.12,16504.49,680793.62,16554,666282,439.68,246.26,685.94,247,441,0.00,0.00,0,0
1410567570,s1-eth3,10283.15,431830.50,442113.66,433126,10314,154.54,286.14,440.68,287,155,0.00,0.00,0,0
1410567570,s1-eth2,6221.34,232458.62,238679.97,233156,6240,91.72,153.54,245.26,154,92,0.00,0.00,0,0
1410567570,s2-eth1,431830.50,10283.15,442113.66,10314,433126,286.14,154.54,440.68,155,287,0.00,0.00,0,0
1410567570,s2-eth3,6532.40,252081.75,258614.16,252838,6552,97.71,166.50,264.21,167,98,0.00,0.00,0,0
1410567570,s2-eth2,3750.75,179748.75,183499.50,180288,3762,56.83,119.64,176.47,120,57,0.00,0.00,0,0
1410567570,s3-eth1,252081.75,6532.40,258614.16,6552,252838,166.50,97.71,264.21,98,167,0.00,0.00,0,0
1410567570,s3-eth3,3242.27,166041.88,169284.16,166540,3252,47.86,109.67,157.53,110,48,0.00,0.00,0,0
1410567570,s3-eth2,3290.13,86039.88,89330.01,86298,3300,49.85,56.83,106.68,57,50,0.00,0.00,0,0
1410567570,eth0,0.00,0.00,0.00,0,0,0.00,0.00,0.00,0,0,0.00,0.00,0,0
1410567570,lo,0.00,0.00,0.00,0,0,0.00,0.00,0.00,0,0,0.00,0.00,0,0
1410567570,s4-eth1,166041.88,3242.27,169284.16,3252,166540,109.67,47.86,157.53,48,110,0.00,0.00,0,0
1410567570,s4-eth2,3242.27,166041.88,169284.16,166540,3252,47.86,109.67,157.53,110,48,0.00,0.00,0,0
1410567570,total,1550805.62,1550805.62,3101611.25,1555458,1555458,1548.35,1548.35,3096.71,1553,1553,0.00,0.00,0,0
1410567571,s1-eth1,820549.88,18033.90,838583.81,19152,871424,542.37,265.54,807.91,282,576,0.00,0.00,0,0
1410567571,s1-eth3,12502.83,491233.53,503736.34,521690,13278,181.73,324.86,506.59,345,193,0.00,0.00,0,0
1410567571,s1-eth2,5531.07,329316.38,334847.47,349734,5874,83.80,217.51,301.32,231,89,0.00,0.00,0,0
1410567571,s2-eth1,491233.53,12502.83,503736.34,13278,521690,324.86,181.73,506.59,193,345,0.00,0.00,0,0
1410567571,s2-eth3,9811.57,383552.25,393363.81,411168,10518,144.59,253.73,398.32,272,155,0.00,0.00,0,0
1410567571,s2-eth2,2574.63,103098.88,105673.51,110522,2760,35.45,68.10,103.54,73,38,0.00,0.00,0,0
1410567571,s3-eth1,395016.78,9811.57,404828.34,10518,423458,262.13,144.59,406.72,155,281,0.00,0.00,0,0
1410567571,s3-eth3,5994.40,225373.14,231367.53,241600,6426,86.75,149.25,236.01,160,93,0.00,0.00,0,0
1410567571,s3-eth2,3817.16,169643.66,173460.81,181858,4092,57.84,112.87,170.71,121,62,0.00,0.00,0,0
1410567571,eth0,0.00,0.00,0.00,0,0,0.00,0.00,0.00,0,0,0.00,0.00,0,0
1410567571,lo,0.00,0.00,0.00,0,0,0.00,0.00,0.00,0,0,0.00,0.00,0,0
1410567571,s4-eth1,225373.14,5994.40,231367.53,6426,241600,149.25,86.75,236.01,93,160,0.00,0.00,0,0
1410567571,s4-eth2,5994.40,225373.14,231367.53,241600,6426,86.75,149.25,236.01,160,93,0.00,0.00,0,0
1410567571,total,1965994.38,1965994.38,3931988.75,2107546,2107546,1944.96,1944.96,3889.93,2085,2085,0.00,0.00,0,0
1410567572,s1-eth1,856664.12,14050.19,870714.31,14556,887504,567.57,212.36,779.92,220,588,0.00,0.00,0,0
1410567572,s1-eth3,9200.37,624989.94,634190.31,683114,10056,139.07,414.46,553.52,453,152,0.00,0.00,0,0
1410567572,s1-eth2,4045.75,189769.44,193815.19,207418,4422,61.30,125.34,186.64,137,67,0.00,0.00,0,0
1410567572,s2-eth1,624418.69,9191.96,633610.62,10056,683114,414.08,138.94,553.02,152,453,0.00,0.00,0,0
1410567572,s2-eth3,6210.33,504477.88,510688.22,546854,6732,94.10,334.87,428.97,363,102,0.00,0.00,0,0
1410567572,s2-eth2,2922.51,127097.79,130020.30,137774,3168,44.28,83.95,128.23,91,48,0.00,0.00,0,0
1410567572,s3-eth1,540129.06,7647.93,547776.94,8298,586040,357.60,113.36,470.97,123,388,0.00,0.00,0,0
1410567572,s3-eth3,4793.36,234642.08,239435.44,254352,5196,70.11,154.98,225.09,168,76,0.00,0.00,0,0
1410567572,s3-eth2,2861.62,305985.25,308846.88,331688,3102,43.36,202.95,246.31,220,47,0.00,0.00,0,0
1410567572,eth0,0.00,0.00,0.00,0,0,0.00,0.00,0.00,0,0,0.00,0.00,0,0
1410567572,lo,634.69,634.69,1269.37,688,688,11.07,11.07,22.14,12,12,0.00,0.00,0,0
1410567572,s4-eth1,234425.81,4788.94,239214.75,5196,254352,154.84,70.05,224.88,76,168,0.00,0.00,0,0
1410567572,s4-eth2,4723.64,231229.09,235952.73,254352,5196,69.09,152.73,221.82,168,76,0.00,0.00,0,0
1410567572,total,2226882.00,2231223.75,4458105.50,2454346,2449570,1979.09,1984.55,3963.64,2183,2177,0.00,0.00,0,0
1410567573,s1-eth1,895734.69,13970.32,909705.00,15060,965602,594.62,209.65,804.27,226,641,0.00,0.00,0,0
1410567573,s1-eth3,12370.23,600235.06,612605.31,612840,12630,185.11,399.61,584.72,408,189,0.00,0.00,0,0
1410567573,s1-eth2,2456.42,351437.81,353894.22,358818,2508,37.22,232.13,269.34,237,38,0.00,0.00,0,0
1410567573,s2-eth1,601413.19,12394.50,613807.69,12630,612840,400.39,185.48,585.87,189,408,0.00,0.00,0,0
1410567573,s2-eth3,9429.41,432174.50,441603.94,440818,9618,140.20,287.25,427.45,293,143,0.00,0.00,0,0
1410567573,s2-eth2,3102.84,167000.98,170103.81,170508,3168,47.01,111.66,158.67,114,48,0.00,0.00,0,0
1410567573,s3-eth1,381707.84,7894.12,389601.97,8052,389342,253.92,119.61,373.53,122,259,0.00,0.00,0,0
1410567573,s3-eth3,2068.56,120231.15,122299.70,122756,2112,31.34,80.31,111.66,82,32,0.00,0.00,0,0
1410567573,s3-eth2,5817.83,261102.84,266920.66,266586,5940,88.15,173.36,261.51,177,90,0.00,0.00,0,0
1410567573,eth0,0.00,0.00,0.00,0,0,0.00,0.00,0.00,0,0,0.00,0.00,0,0
1410567573,lo,0.00,0.00,0.00,0,0,0.00,0.00,0.00,0,0,0.00,0.00,0,0
1410567573,s4-eth1,120231.15,2068.56,122299.70,2112,122756,80.31,31.34,111.66,32,82,0.00,0.00,0,0
1410567573,s4-eth2,2099.40,125033.80,127133.20,125784,2112,31.81,83.50,115.31,84,32,0.00,0.00,0,0
1410567573,total,2115932.50,2123224.75,4239157.00,2135964,2128628,1950.30,1952.29,3902.58,1964,1962,0.00,0.00,0,0
1410567574,s1-eth1,884995.00,16483.58,901478.56,16566,889420,587.06,241.79,828.86,243,590,0.00,0.00,0,0
1410567574,s1-eth3,12543.28,609669.62,622212.94,612718,12606,182.09,404.98,587.06,407,183,0.00,0.00,0,0
1410567574,s1-eth2,3940.30,266286.56,270226.88,267618,3960,59.70,176.12,235.82,177,60,0.00,0.00,0,0
1410567574,s2-eth1,609669.62,12543.28,622212.94,12606,612718,404.98,182.09,587.06,183,407,0.00,0.00,0,0
1410567574,s2-eth3,7374.50,436045.84,443420.34,437790,7404,107.57,289.84,397.41,291,108,0.00,0.00,0,0
1410567574,s2-eth2,5181.27,174231.08,179412.36,174928,5202,74.70,115.54,190.24,116,75,0.00,0.00,0,0
1410567574,s3-eth1,436045.84,7374.50,443420.34,7404,437790,289.84,107.57,397.41,108,291,0.00,0.00,0,0
1410567574,s3-eth3,3170.49,122388.84,125559.32,122756,3180,43.87,81.75,125.62,82,44,0.00,0.00,0,0
1410567574,s3-eth2,4211.37,314091.72,318303.09,315034,4224,63.81,208.37,272.18,209,64,0.00,0.00,0,0
1410567574,eth0,0.00,0.00,0.00,0,0,0.00,0.00,0.00,0,0,0.00,0.00,0,0
1410567574,lo,0.00,0.00,0.00,0,0,0.00,0.00,0.00,0,0,0.00,0.00,0,0
1410567574,s4-eth1,122388.84,3170.49,125559.32,3180,122756,81.75,43.87,125.62,44,82,0.00,0.00,0,0
1410567574,s4-eth2,3173.65,119489.02,122662.68,119728,3180,43.91,79.84,123.75,80,44,0.00,0.00,0,0
1410567574,total,2098243.50,2086155.75,4184399.25,2090328,2102440,1944.11,1936.13,3880.24,1940,1948,0.00,0.00,0,0
1410567575,s1-eth1,1040047.81,18245.02,1058292.88,18318,1044208,689.24,275.90,965.14,277,692,0.00,0.00,0,0
1410567575,s1-eth3,12986.06,779047.81,792033.88,782164,13038,196.22,515.94,712.15,518,197,0.00,0.00,0,0
1410567575,s1-eth2,5264.21,282392.81,287657.03,283240,5280,79.76,187.44,267.20,188,80,0.00,0.00,0,0
1410567575,s2-eth1,778230.38,12947.37,791177.75,13038,783678,515.39,195.63,711.02,197,519,0.00,0.00,0,0
1410567575,s2-eth3,8604.56,562806.75,571411.31,567872,8682,129.83,372.65,502.48,376,131,0.00,0.00,0,0
1410567575,s2-eth2,4317.15,213881.08,218198.22,215806,4356,65.41,141.72,207.14,143,66,0.00,0.00,0,0
1410567575,s3-eth1,564307.25,8604.56,572911.81,8682,569386,373.64,129.83,503.47,131,377,0.00,0.00,0,0
1410567575,s3-eth3,4339.92,204958.50,209298.42,207418,4392,65.22,135.38,200.59,137,66,0.00,0.00,0,0
1410567575,s3-eth2,4239.13,371140.31,375379.47,375594,4290,64.23,246.05,310.28,249,65,0.00,0.00,0,0
1410567575,eth0,0.00,0.00,0.00,0,0,0.00,0.00,0.00,0,0,0.00,0.00,0,0
1410567575,lo,0.00,0.00,0.00,0,0,0.00,0.00,0.00,0,0,0.00,0.00,0,0
1410567575,s4-eth1,204958.50,4339.92,209298.42,4392,207418,135.38,65.22,200.59,66,137,0.00,0.00,0,0
1410567575,s4-eth2,4339.92,204958.50,209298.42,207418,4392,65.22,135.38,200.59,137,66,0.00,0.00,0,0
1410567575,total,2617707.50,2652116.75,5269824.00,2683942,2649120,2367.59,2390.32,4757.91,2419,2396,0.00,0.00,0,0
1410567576,s1-eth1,1184821.75,21825.74,1206647.50,22044,1196670,787.13,330.69,1117.82,334,795,0.00,0.00,0,0
1410567576,s1-eth3,13396.04,770164.38,783560.38,777866,13530,202.97,511.88,714.85,517,205,0.00,0.00,0,0
1410567576,s1-eth2,8429.70,444637.62,453067.31,449084,8514,127.72,295.05,422.77,298,129,0.00,0.00,0,0
1410567576,s2-eth1,770955.31,13435.95,784391.25,13530,776352,512.41,203.57,715.99,205,516,0.00,0.00,0,0
1410567576,s2-eth3,9456.72,590085.56,599542.25,593036,9504,143.28,392.04,535.32,394,144,0.00,0.00,0,0
1410567576,s2-eth2,4005.97,182403.98,186409.95,183316,4026,60.70,121.39,182.09,122,61,0.00,0.00,0,0
1410567576,s3-eth1,588579.12,9456.72,598035.81,9504,591522,391.04,143.28,534.33,144,393,0.00,0.00,0,0
1410567576,s3-eth3,5461.62,259750.75,265212.38,260530,5478,82.75,172.48,255.23,173,83,0.00,0.00,0,0
1410567576,s3-eth2,4017.96,316732.53,320750.50,317366,4026,60.88,210.58,271.46,211,61,0.00,0.00,0,0
1410567576,eth0,0.00,0.00,0.00,0,0,0.00,0.00,0.00,0,0,0.00,0.00,0,0
1410567576,lo,0.00,0.00,0.00,0,0,0.00,0.00,0.00,0,0,0.00,0.00,0,0
1410567576,s4-eth1,260009.98,5467.07,265477.06,5478,260530,172.65,82.83,255.49,83,173,0.00,0.00,0,0
1410567576,s4-eth2,5467.07,260009.98,265477.06,260530,5478,82.83,172.65,255.49,173,83,0.00,0.00,0,0
1410567576,total,2867029.00,2883633.00,5750662.00,2892284,2875630,2635.09,2646.06,5281.16,2654,2643,0.00,0.00,0,0
1410567577,s1-eth1,813895.31,15656.98,829552.31,16158,839940,540.70,233.53,774.22,241,558,0.00,0.00,0,0
1410567577,s1-eth3,12395.35,590110.44,602505.81,608994,12792,184.11,392.44,576.55,405,190,0.00,0.00,0,0
1410567577,s1-eth2,3261.63,175372.09,178633.72,180984,3366,49.42,116.28,165.70,120,51,0.00,0.00,0,0
1410567577,s2-eth1,590110.44,12395.35,602505.81,12792,608994,392.44,184.11,576.55,190,405,0.00,0.00,0,0
1410567577,s2-eth3,8761.63,435277.12,444038.75,449206,9042,132.75,289.73,422.48,299,137,0.00,0.00,0,0
1410567577,s2-eth2,3633.72,159234.50,162868.22,164330,3750,51.36,105.62,156.98,109,53,0.00,0.00,0,0
1410567577,s3-eth1,435699.31,8770.13,444469.44,9042,449206,290.01,132.88,422.89,137,299,0.00,0.00,0,0
1410567577,s3-eth3,3712.90,163912.70,167625.61,168994,3828,56.26,109.60,165.86,113,58,0.00,0.00,0,0
1410567577,s3-eth2,5052.33,271523.25,276575.56,280212,5214,76.55,180.23,256.78,186,79,0.00,0.00,0,0
1410567577,eth0,0.00,0.00,0.00,0,0,0.00,0.00,0.00,0,0,0.00,0.00,0,0
1410567577,lo,666.67,666.67,1333.33,688,688,11.63,11.63,23.26,12,12,0.00,0.00,0,0
1410567577,s4-eth1,163753.88,3709.30,167463.17,3828,168994,109.50,56.20,165.70,58,113,0.00,0.00,0,0
1410567577,s4-eth2,3709.30,163753.88,167463.17,168994,3828,56.20,109.50,165.70,113,58,0.00,0.00,0,0
1410567577,total,2046209.50,2002155.12,4048364.50,2064222,2109642,1952.47,1923.38,3875.85,1983,2013,0.00,0.00,0,0
1410567578,s2-eth3,3886.23,157526.95,161413.17,157842,3894,58.88,108.78,167.66,109,59,0.00,0.00,0,0
1410567578,s2-eth2,2634.73,106716.57,109351.30,106930,2640,39.92,72.85,112.77,73,40,0.00,0.00,0,0
1410567578,s3-eth1,157526.95,3886.23,161413.17,3894,157842,108.78,58.88,167.66,5