1410567597,s1-eth1,0.00,0.00,0.00,0,0,0.00,0.00,0.00,0,0,0.00,0.00,0,0
1410567597,s1-eth3,0.00,0.00,0.00,0,0,0.00,0.00,0.00,0,0,0.00,0.00,0,0
1410567597,s1-eth2,0.00,0.00,0.00,0,0,0.00,0.00,0.00,0,0,0.00,0.00,0,0
1410567597,s2-eth1,0.00,0.00,0.00,0,0,0.00,0.00,0.00,0,0,0.00,0.00,0,0
1410567597,s2-eth3,0.00,0.00,0.00,0,0,0.00,0.00,0.00,0,0,0.00,0.00,0,0
1410567597,s2-eth2,0.00,0.00,0.00,0,0,0.00,0.00,0.00,0,0,0.00,0.00,0,0
1410567597,s3-eth1,0.00,0.00,0.00,0,0,0.00,0.00,0.00,0,0,0.00,0.00,0,0
1410567597,s3-eth3,0.00,0.00,0.00,0,0,0.00,0.00,0.00,0,0,0.00,0.00,0,0
1410567597,s3-eth2,0.00,0.00,0.00,0,0,0.00,0.00,0.00,0,0,0.00,0.00,0,0
1410567597,eth0,0.00,0.00,0.00,0,0,0.00,0.00,0.00,0,0,0.00,0.00,0,0
1410567597,lo,0.00,0.00,0.00,0,0,0.00,0.00,0.00,0,0,0.00,0.00,0,0
1410567597,s4-eth1,0.00,0.00,0.00,0,0,0.00,0.00,0.00,0,0,0.00,0.00,0,0
1410567597,s4-eth3,0.00,0.00,0.00,0,0,0.00,0.00,0.00,0,0,0.00,0.00,0,0
1410567597,s4-eth2,0.00,0.00,0.00,0,0,0.00,0.00,0.00,0,0,0.00,0.00,0,0
1410567597,s5-eth1,0.00,0.00,0.00,0,0,0.00,0.00,0.00,0,0,0.00,0.00,0,0
1410567597,s5-eth2,0.00,0.00,0.00,0,0,0.00,0.00,0.00,0,0,0.00,0.00,0,0
1410567597,total,0.00,0.00,0.00,0,0,0.00,0.00,0.00,0,0,0.00,0.00,0,0
1410567598,s1-eth1,779157.88,21737.80,800895.69,22716,814220,518.66,321.53,840.19,336,542,0.00,0.00,0,0
1410567598,s1-eth3,16684.75,570288.12,586972.88,609638,17836,245.09,378.86,623.95,405,262,0.00,0.00,0,0
1410567598,s1-eth2,4695.98,192793.27,197489.25,206096,5020,71.09,129.09,200.19,138,76,0.00,0.00,0,0
1410567598,s2-eth1,570288.12,16684.75,586972.88,17836,609638,378.86,245.09,623.95,262,405,0.00,0.00,0,0
1410567598,s2-eth3,11917.60,376544.94,388462.56,402150,12728,174.16,250.00,424.16,267,186,0.00,0.00,0,0
1410567598,s2-eth2,4904.67,195328.97,200233.64,209002,5248,72.90,129.91,202.80,139,78,0.00,0.00,0,0
1410567598,s3-eth1,398594.38,12080.37,410674.75,12926,426496,265.42,176.64,442.06,189,284,0.00,0.00,0,0
1410567598,s3-eth3,8662.30,294048.66,302710.94,314338,9260,129.09,195.51,324.60,209,138,0.00,0.00,0,0
1410567598,s3-eth2,3560.34,106334.89,109895.23,113672,3806,49.58,71.09,120.67,76,53,0.00,0.00,0,0
1410567598,eth0,0.00,0.00,0.00,0,0,0.00,0.00,0.00,0,0,0.00,0.00,0,0
1410567598,lo,2555.66,2555.66,5111.32,2732,2732,29.00,29.00,58.00,31,31,0.00,0.00,0,0
1410567598,s4-eth1,291645.44,8550.32,300195.75,9260,315852,193.91,127.42,321.33,138,210,0.00,0.00,0,0
1410567598,s4-eth3,3785.78,120337.95,124123.73,130326,4100,57.25,80.33,137.58,87,62,0.00,0.00,0,0
1410567598,s4-eth2,4893.81,172705.45,177599.27,187040,5300,72.02,114.50,186.52,124,78,0.00,0.00,0,0
1410567598,s5-eth1,120337.95,3785.78,124123.73,4100,130326,80.33,57.25,137.58,62,87,0.00,0.00,0,0
1410567598,s5-eth2,3782.29,120226.94,124009.23,130326,4100,57.20,80.26,137.45,87,62,0.00,0.00,0,0
1410567598,total,2183267.50,2188337.75,4371605.50,2372158,2366662,2356.09,2352.40,4708.49,2550,2554,0.00,0.00,0,0
1410567599,s1-eth1,716028.75,13155.17,729183.88,13734,747534,476.05,194.44,670.50,203,497,0.00,0.00,0,0
1410567599,s1-eth3,11124.39,623909.88,635034.25,637012,11358,163.57,415.28,578.84,424,167,0.00,0.00,0,0
1410567599,s1-eth2,2395.69,106765.91,109161.61,109008,2446,36.24,70.52,106.76,72,37,0.00,0.00,0,0
1410567599,s2-eth1,623299.44,11113.50,634412.94,11358,637012,414.87,163.41,578.28,167,424,0.00,0.00,0,0
1410567599,s2-eth3,8917.81,463868.91,472786.72,474074,9114,130.14,308.22,438.36,315,133,0.00,0.00,0,0
1410567599,s2-eth2,2203.92,158258.83,160462.75,161424,2248,33.33,105.88,139.22,108,34,0.00,0.00,0,0
1410567599,s3-eth1,430361.72,8595.21,438956.94,8982,449728,285.17,125.36,410.53,131,298,0.00,0.00,0,0
1410567599,s3-eth3,7083.25,336122.50,343205.75,351248,7402,102.39,222.01,324.40,232,107,0.00,0.00,0,0
1410567599,s3-eth2,1515.79,92790.43,94306.22,96966,1584,22.97,62.20,85.17,65,24,0.00,0.00,0,0
1410567599,eth0,0.00,0.00,0.00,0,0,0.00,0.00,0.00,0,0,0.00,0.00,0,0
1410567599,lo,1282.30,1282.30,2564.59,1340,1340,14.35,14.35,28.71,15,15,0.00,0.00,0,0
1410567599,s4-eth1,347691.84,7236.43,354928.28,7468,358818,229.65,104.65,334.30,108,237,0.00,0.00,0,0
1410567599,s4-eth3,5637.60,259668.59,265306.19,267978,5818,80.43,171.51,251.94,177,83,0.00,0.00,0,0
1410567599,s4-eth2,1666.67,86556.20,88222.87,89326,1720,25.19,57.17,82.36,59,26,0.00,0.00,0,0
1410567599,s5-eth1,259668.59,5637.60,265306.19,5818,267978,171.51,80.43,251.94,83,177,0.00,0.00,0,0
1410567599,s5-eth2,5643.06,261388.94,267032.00,269492,5818,80.50,172.65,253.15,178,83,0.00,0.00,0,0
1410567599,total,2434450.00,2429901.00,4864351.00,2505228,2509918,2271.58,2266.73,4538.31,2337,2342,0.00,0.00,0,0
1410567600,s1-eth1,802135.00,16615.24,818750.25,17230,831814,535.20,251.69,786.89,261,555,0.00,0.00,0,0
1410567600,s1-eth3,14719.38,740896.81,755616.25,768310,15264,223.72,496.62,720.35,515,232,0.00,0.00,0,0
1410567601,s1-eth2,2123.31,64258.19,66381.50,66700,2204,32.76,44.32,77.07,46,34,0.00,0.00,0,0
1410567601,s2-eth1,717376.31,14252.10,731628.38,15264,768310,480.86,216.62,697.48,232,515,0.00,0.00,0,0
1410567601,s2-eth3,10739.50,565393.06,576132.56,605536,11502,163.40,380.95,544.35,408,175,0.00,0.00,0,0
1410567601,s2-eth2,4550.89,170478.06,175028.95,182582,4874,68.16,114.85,183.01,123,73,0.00,0.00,0,0
1410567601,s3-eth1,595609.94,11122.37,606732.31,11634,623008,401.53,169.22,570.75,177,420,0.00,0.00,0,0
1410567601,s3-eth3,6877.63,354399.59,361277.25,370702,7194,104.21,239.96,344.17,251,109,0.00,0.00,0,0
1410567601,s3-eth2,4441.68,241250.47,245692.16,252348,4646,67.88,162.52,230.40,170,71,0.00,0.00,0,0
1410567601,eth0,0.00,0.00,0.00,0,0,0.00,0.00,0.00,0,0,0.00,0.00,0,0
1410567601,lo,8428.30,8428.30,16856.60,8816,8816,87.95,87.95,175.91,92,92,0.00,0.00,0,0
1410567601,s4-eth1,345715.09,6814.53,352529.62,7128,361618,234.23,103.25,337.48,108,245,0.00,0.00,0,0
1410567601,s4-eth3,2590.82,144260.03,146850.86,150896,2710,39.20,97.51,136.71,102,41,0.00,0.00,0,0
1410567601,s4-eth2,4357.55,201495.22,205852.77,210764,4558,65.97,137.67,203.63,144,69,0.00,0.00,0,0
1410567601,s5-eth1,144260.03,2590.82,146850.86,2710,150896,97.51,39.20,136.71,41,102,0.00,0.00,0,0
1410567601,s5-eth2,2590.82,142812.61,145403.44,149382,2710,39.20,96.56,135.76,101,41,0.00,0.00,0,0
1410567601,total,2676982.75,2695986.50,5372969.50,2820002,2800124,2652.01,2649.14,5301.15,2771,2774,0.00,0.00,0,0
1410567602,s1-eth1,1068575.50,23561.12,1092136.62,24480,1110250,709.34,350.34,1059.67,364,737,0.00,0.00,0,0
1410567602,s1-eth3,23686.54,1070540.38,1094226.88,1113362,24634,352.88,712.50,1065.38,741,367,0.00,0.00,0,0
1410567602,s1-eth2,148.36,80.92,229.29,84,154,2.89,1.93,4.82,2,3,0.00,0.00,0,0
1410567602,s2-eth1,1107822.88,24511.44,1132334.25,24634,1113362,737.31,365.17,1102.49,367,741,0.00,0.00,0,0
1410567602,s2-eth3,16211.16,796697.25,812908.38,799884,16276,245.02,531.87,776.89,534,246,0.00,0.00,0,0
1410567602,s2-eth2,7743.03,298782.88,306525.91,299978,7774,114.54,200.20,314.74,201,115,0.00,0.00,0,0
1410567602,s3-eth1,779294.88,16013.94,795308.81,16078,782412,519.92,242.03,761.95,243,522,0.00,0.00,0,0
1410567602,s3-eth3,10772.91,504764.97,515537.88,506784,10816,163.35,338.65,501.99,340,164,0.00,0.00,0,0
1410567602,s3-eth2,5478.09,274655.38,280133.47,275754,5500,83.67,184.26,267.93,185,84,0.00,0.00,0,0
1410567602,eth0,0.00,0.00,0.00,0,0,0.00,0.00,0.00,0,0,0.00,0.00,0,0
1410567602,lo,12219.12,12219.12,24438.25,12268,12268,124.50,124.50,249.00,125,125,0.00,0.00,0,0
1410567602,s4-eth1,504764.97,10772.91,515537.88,10816,506784,338.65,163.35,501.99,164,340,0.00,0.00,0,0
1410567602,s4-eth3,7031.87,325316.75,332348.62,326618,7060,105.58,220.12,325.70,221,106,0.00,0.00,0,0
1410567602,s4-eth2,3852.59,179490.05,183342.64,180208,3868,59.76,119.52,179.28,120,60,0.00,0.00,0,0
1410567602,s5-eth1,323704.66,6997.03,330701.69,7060,326618,219.03,105.05,324.08,106,221,0.00,0.00,0,0
1410567602,s5-eth2,6997.03,323704.66,330701.69,326618,7060,105.05,219.03,324.08,221,106,0.00,0.00,0,0
1410567602,total,3899738.50,3889619.50,7789358.00,3924626,3934836,3901.88,3898.91,7800.79,3934,3937,0.00,0.00,0,0
1410567603,s1-eth1,1084401.50,21482.96,1105884.50,22686,1145128,719.70,321.02,1040.72,339,760,0.00,0.00,0,0
1410567603,s1-eth3,16670.46,849157.19,865827.62,896710,17604,248.11,563.45,811.55,595,262,0.00,0.00,0,0
1410567603,s1-eth2,4812.50,230943.17,235755.67,243876,5082,72.92,153.41,226.33,162,77,0.00,0.00,0,0
1410567603,s2-eth1,849157.19,16670.46,865827.62,17604,896710,563.45,248.11,811.55,262,595,0.00,0.00,0,0
1410567603,s2-eth3,12482.95,645454.56,657937.50,681600,13182,184.66,428.03,612.69,452,195,0.00,0.00,0,0
1410567603,s2-eth2,4187.50,199401.52,203589.02,210568,4422,63.45,132.58,196.02,140,67,0.00,0.00,0,0
1410567603,s3-eth1,646229.19,12482.95,658712.12,13182,682418,428.98,184.66,613.64,195,453,0.00,0.00,0,0
1410567603,s3-eth3,7500.00,479143.94,486643.94,505976,7920,113.64,318.18,431.82,336,120,0.00,0.00,0,0
1410567603,s3-eth2,4978.24,166927.14,171905.39,176442,5262,70.96,110.69,181.65,117,75,0.00,0.00,0,0
1410567603,eth0,0.00,0.00,0.00,0,0,0.00,0.00,0.00,0,0,0.00,0.00,0,0
1410567603,lo,531.42,531.42,1062.84,592,592,5.39,5.39,10.77,6,6,0.00,0.00,0,0
1410567603,s4-eth1,467788.16,7109.52,474897.69,7920,521116,310.59,107.72,418.31,120,346,0.00,0.00,0,0
1410567603,s4-eth3,2523.77,216007.17,218530.94,240848,2814,38.57,143.50,182.06,160,43,0.00,0.00,0,0
1410567603,s4-eth2,4617.04,251361.42,255978.47,280268,5148,69.96,166.82,236.77,186,78,0.00,0.00,0,0
1410567603,s5-eth1,216980.19,2535.14,219515.31,2814,240848,144.14,38.74,182.88,43,160,0.00,0.00,0,0
1410567603,s5-eth2,2535.14,216980.19,219515.31,240848,2814,38.74,144.14,182.88,160,43,0.00,0.00,0,0
1410567603,total,3199153.25,3190931.50,6390084.50,3541934,3551060,2954.95,2948.65,5903.60,3273,3280,0.00,0.00,0,0
1410567604,s1-eth1,778691.81,17010.37,795702.19,18048,826192,516.49,250.71,767.20,266,548,0.00,0.00,0,0
1410567604,s1-eth3,12785.31,638903.94,651689.25,678516,13578,191.15,423.73,614.88,450,203,0.00,0.00,0,0
1410567604,s1-eth2,4209.04,137629.00,141838.05,146162,4470,59.32,91.34,150.66,97,63,0.00,0.00,0,0
1410567604,s2-eth1,639506.12,12797.36,652303.50,13578,678516,424.13,191.33,615.46,203,450,0.00,0.00,0,0
1410567604,s2-eth3,8691.80,447523.09,456214.91,474822,9222,129.12,296.89,426.01,315,137,0.00,0.00,0,0
1410567604,s2-eth2,4105.56,190556.08,194661.64,202180,4356,62.21,126.30,188.50,134,66,0.00,0.00,0,0
1410567604,s3-eth1,446752.12,8691.80,455443.94,9222,474004,295.95,129.12,425.07,137,314,0.00,0.00,0,0
1410567604,s3-eth3,6390.20,335449.59,341839.78,355912,6780,94.25,222.43,316.68,236,100,0.00,0.00,0,0
1410567604,s3-eth2,2303.77,111407.55,113711.32,118092,2442,34.91,73.58,108.49,78,37,0.00,0.00,0,0
1410567604,eth0,0.00,0.00,0.00,0,0,0.00,0.00,0.00,0,0,0.00,0.00,0,0
1410567604,lo,0.00,0.00,0.00,0,0,0.00,0.00,0.00,0,0,0.00,0.00,0,0
1410567604,s4-eth1,340091.81,6766.47,346858.28,6780,340772,225.55,99.80,325.35,100,226,0.00,0.00,0,0
1410567604,s4-eth3,3958.08,212353.30,216311.39,212778,3966,58.88,140.72,199.60,141,59,0.00,0.00,0,0
1410567604,s4-eth2,2808.38,127738.52,130546.91,127994,2814,40.92,84.83,125.75,85,41,0.00,0.00,0,0
1410567604,s5-eth1,212353.30,3958.08,216311.39,3966,212778,140.72,58.88,199.60,59,141,0.00,0.00,0,0
1410567604,s5-eth2,3958.08,212353.30,216311.39,212778,3966,58.88,140.72,199.60,141,59,0.00,0.00,0,0
1410567604,total,2578698.75,2575676.75,5154375.50,2580828,2583856,2439.12,2437.13,4876.25,2442,2444,0.00,0.00,0,0
1410567605,s1-eth1,764714.44,16531.34,781245.75,16614,768538,506.47,241.79,748.26,243,509,0.00,0.00,0,0
1410567605,s1-eth3,13918.33,625235.06,639153.38,627736,13974,202.19,414.34,616.53,416,203,0.00,0.00,0,0
1410567605,s1-eth2,2626.87,140101.48,142728.36,140802,2640,39.80,92.54,132.34,93,40,0.00,0.00,0,0
1410567605,s2-eth1,624612.94,13904.48,638517.38,13974,627736,413.93,201.99,615.92,203,416,0.00,0.00,0,0
1410567605,s2-eth3,10489.55,427144.28,437633.81,429280,10542,150.25,282.59,432.84,284,151,0.00,0.00,0,0
1410567605,s2-eth2,3414.93,201988.06,205402.98,202998,3432,51.74,134.33,186.07,135,52,0.00,0.00,0,0
1410567605,s3-eth1,427144.28,10489.55,437633.81,10542,429280,282.59,150.25,432.84,151,284,0.00,0.00,0,0
1410567605,s3-eth3,5737.31,211719.41,217456.72,212778,5766,82.59,140.30,222.89,141,83,0.00,0.00,0,0
1410567605,s3-eth2,4752.24,215424.88,220177.11,216502,4776,67.66,142.29,209.95,143,68,0.00,0.00,0,0
1410567605,eth0,0.00,0.00,0.00,0,0,0.00,0.00,0.00,0,0,0.00,0.00,0,0
1410567605,lo,0.00,0.00,0.00,0,0,0.00,0.00,0.00,0,0,0.00,0.00,0,0
1410567605,s4-eth1,211298.91,5725.92,217024.83,5766,212778,140.02,82.42,222.44,83,141,0.00,0.00,0,0
1410567605,s4-eth3,3744.23,163832.69,167576.92,170386,3894,56.73,108.65,165.38,113,59,0.00,0.00,0,0
1410567605,s4-eth2,1796.55,40683.30,42479.85,42392,1872,23.03,26.87,49.90,28,24,0.00,0.00,0,0
1410567605,s5-eth1,163518.23,3737.04,167255.28,3894,170386,108.45,56.62,165.07,59,113,0.00,0.00,0,0
1410567605,s5-eth2,3737.04,163518.23,167255.28,170386,3894,56.62,108.45,165.07,113,59,0.00,0.00,0,0
1410567605,total,2109718.00,2113959.00,4223677.00,2264050,2259508,2056.02,2058.82,4114.85,2205,2202,0.00,0.00,0,0
1410567606,s1-eth1,821796.88,18334.86,840131.75,20040,898224,545.29,272.64,817.93,298,596,0.00,0.00,0,0
1410567606,s1-eth3,13200.00,610021.88,623221.88,667974,14454,198.17,404.57,602.74,443,217,0.00,0.00,0,0
1410567606,s1-eth2,5106.03,210466.19,215572.22,230250,5586,74.04,139.85,213.89,153,81,0.00,0.00,0,0
1410567606,s2-eth1,610579.56,13212.07,623791.62,14454,667974,404.94,198.35,603.29,217,443,0.00,0.00,0,0
1410567606,s2-eth3,9411.33,461753.22,471164.53,505158,10296,142.60,306.22,448.81,335,156,0.00,0.00,0,0
1410567606,s2-eth2,3800.73,148826.33,152627.06,162816,4158,55.76,98.72,154.48,108,61,0.00,0.00,0,0
1410567606,s3-eth1,463137.12,9411.33,472548.47,10296,506672,307.13,142.60,449.73,156,336,0.00,0.00,0,0
1410567606,s3-eth3,4766.00,228457.05,233223.05,249932,5214,72.21,151.74,223.95,166,79,0.00,0.00,0,0
1410567606,s3-eth2,4645.34,234680.08,239325.42,256740,5082,70.38,155.39,225.78,170,77,0.00,0.00,0,0
1410567606,eth0,0.00,0.00,0.00,0,0,0.00,0.00,0.00,0,0,0.00,0.00,0,0
1410567606,lo,0.00,0.00,0.00,0,0,0.00,0.00,0.00,0,0,0.00,0.00,0,0
1410567606,s4-eth1,228666.05,4770.36,233436.41,5214,249932,151.88,72.28,224.15,79,166,0.00,0.00,0,0
1410567606,s4-eth3,2552.83,122177.36,124730.19,129508,2706,38.68,81.13,119.81,86,41,0.00,0.00,0,0
1410567606,s4-eth2,2368.27,113714.83,116083.09,120424,2508,35.88,75.54,111.43,80,38,0.00,0.00,0,0
1410567606,s5-eth1,122292.73,2555.24,124847.97,2706,129508,81.21,38.72,119.92,41,86,0.00,0.00,0,0
1410567606,s5-eth2,2557.66,122408.32,124965.98,129508,2706,38.75,81.29,120.04,86,41,0.00,0.00,0,0
1410567606,total,2432058.25,2432058.25,4864116.50,2505020,2505020,2347.57,2347.57,4695.15,2418,2418,0.00,0.00,0,0
1410567607,s1-eth1,801683.56,16017.91,817701.50,16098,805692,531.34,241.79,773.13,243,534,0.00,0.00,0,0
1410567607,s1-eth3,13028.91,664289.12,677318.06,666282,13068,197.41,439.68,637.09,441,198,0.00,0.00,0,0
1410567607,s1-eth2,3017.93,138854.58,141872.52,139410,3030,44.82,92.63,137.45,93,45,0.00,0.00,0,0
1410567607,s2-eth1,663627.50,13015.94,676643.44,13068,666282,439.24,197.21,636.45,198,441,0.00,0.00,0,0
1410567607,s2-eth3,11832.67,606324.75,618157.38,608750,11880,179.28,401.39,580.68,403,180,0.00,0.00,0,0
1410567607,s2-eth2,1183.27,52778.89,53962.15,52990,1188,17.93,34.86,52.79,35,18,0.00,0.00,0,0
1410567607,s3-eth1,604816.75,11832.67,616649.44,11880,607236,400.40,179.28,579.68,180,402,0.00,0.00,0,0
1410567607,s3-eth3,7428.29,386161.38,393589.66,387706,7458,112.55,255.98,368.53,257,113,0.00,0.00,0,0
1410567607,s3-eth2,4404.38,218655.39,223059.77,219530,4422,66.73,144.42,211.16,145,67,0.00,0.00,0,0
1410567607,eth0,0.00,0.00,0.00,0,0,0.00,0.00,0.00,0,0,0.00,0.00,0,0
1410567607,lo,857.43,857.43,1714.86,860,860,14.96,14.96,29.91,15,15,0.00,0.00,0,0
1410567607,s4-eth1,386546.38,7435.69,393982.06,7458,387706,256.23,112.66,368.89,113,257,0.00,0.00,0,0
1410567607,s4-eth3,3816.55,210632.11,214448.66,211264,3828,57.83,139.58,197.41,140,58,0.00,0.00,0,0
1410567607,s4-eth2,3619.14,175914.27,179533.41,176442,3630,54.84,116.65,171.49,117,55,0.00,0.00,0,0
1410567607,s5-eth1,210632.11,3816.55,214448.66,3828,211264,139.58,57.83,197.41,58,140,0.00,0.00,0,0
1410567607,s5-eth2,3816.55,210632.11,214448.66,211264,3828,57.83,139.58,197.41,140,58,0.00,0.00,0,0
1410567607,total,2723202.50,2718674.00,5441876.50,2726830,2731372,2573.28,2570.29,5143.57,2578,2581,0.00,0.00,0,0
1410567608,s1-eth1,1013567.44,19529.76,1033097.19,19686,1021676,672.62,292.66,965.28,295,678,0.00,0.00,0,0
1410567608,s1-eth3,15452.38,859553.56,875005.94,866430,15576,234.13,570.44,804.56,575,236,0.00,0.00,0,0
1410567608,s1-eth2,4077.38,169033.72,173111.11,170386,4110,58.53,112.10,170.63,113,59,0.00,0.00,0,0
1410567608,s2-eth1,859553.56,15452.38,875005.94,15576,866430,570.44,234.13,804.56,236,575,0.00,0.00,0,0
1410567608,s2-eth3,10738.09,611726.19,622464.25,616620,10824,162.70,406.75,569.44,410,164,0.00,0.00,0,0
1410567608,s2-eth2,4714.29,247827.38,252541.66,249810,4752,71.43,163.69,235.12,165,72,0.00,0.00,0,0
1410567608,s3-eth1,611726.19,10738.09,622464.25,10824,616620,406.75,162.70,569.44,164,410,0.00,0.00,0,0
1410567608,s3-eth3,6613.10,395263.88,401876.97,398426,6666,100.20,262.90,363.10,265,101,0.00,0.00,0,0
1410567608,s3-eth2,4125.00,216462.30,220587.30,218194,4158,62.50,143.85,206.35,145,63,0.00,0.00,0,0
1410567608,eth0,0.00,0.00,0.00,0,0,0.00,0.00,0.00,0,0,0.00,0.00,0,0
1410567608,lo,0.00,0.00,0.00,0,0,0.00,0.00,0.00,0,0,0.00,0.00,0,0
1410567608,s4-eth1,395263.88,6613.10,401876.97,6666,398426,262.90,100.20,363.10,101,265,0.00,0.00,0,0
1410567608,s4-eth3,1833.33,118777.77,120611.11,119728,1848,27.78,79.37,107.14,80,28,0.00,0.00,0,0
1410567608,s4-eth2,4779.76,276486.09,281265.88,278698,4818,72.42,183.53,255.95,185,73,0.00,0.00,0,0
1410567608,s5-eth1,118777.77,1833.33,120611.11,1848,119728,79.37,27.78,107.14,28,80,0.00,0.00,0,0
1410567608,s5-eth2,1833.33,118777.77,120611.11,119728,1848,27.78,79.37,107.14,80,28,0.00,0.00,0,0
1410567608,total,3053055.50,3068075.25,6121131.00,3092620,3077480,2809.52,2819.44,5628.97,2842,2832,0.00,0.00,0,0
1410567609,s1-eth1,1130059.88,22461.08,1152521.00,22506,1132320,750.50,340.32,1090.82,341,752,0.00,0.00,0,0
1410567609,s1-eth3,16994.01,892714.62,909708.62,894500,17028,257.49,592.81,850.30,594,258,0.00,0.00,0,0
1410567609,s1-eth2,5467.07,249433.14,254900.20,249932,5478,82.83,165.67,248.50,166,83,0.00,0.00,0,0
1410567609,s2-eth1,892714.62,16994.01,909708.62,17028,894500,592.81,257.49,850.30,258,594,0.00,0.00,0,0
1410567609,s2-eth3,12317.37,640203.62,652521.00,641484,12342,186.63,425.15,611.78,426,187,0.00,0.00,0,0
1410567609,s2-eth2,4676.65,252510.98,257187.62,253016,4686,70.86,167.66,238.52,168,71,0.00,0.00,0,0
1410567609,s3-eth1,640203.62,12317.37,652521.00,12342,641484,425.15,186.63,611.78,187,426,0.00,0.00,0,0
1410567609,s3-eth3,7904.19,431566.88,439471.06,432430,7920,119.76,286.43,406.19,287,120,0.00,0.00,0,0
1410567609,s3-eth2,4413.17,208636.73,213049.91,209054,4422,66.87,138.72,205.59,139,67,0.00,0.00,0,0
1410567609,eth0,0.00,0.00,0.00,0,0,0.00,0.00,0.00,0,0,0.00,0.00,0,0
1410567609,lo,0.00,0.00,0.00,0,0,0.00,0.00,0.00,0,0,0.00,0.00,0,0
1410567609,s4-eth1,431566.88,7904.19,439471.06,7920,432430,286.43,119.76,406.19,120,287,0.00,0.00,0,0
1410567609,s4-eth3,4083.83,251638.73,255722.56,252142,4092,61.88,166.67,228.54,167,62,0.00,0.00,0,0
1410567609,s4-eth2,3820.36,179928.16,183748.52,180288,3828,57.88,119.76,177.64,120,58,0.00,0.00,0,0
1410567609,s5-eth1,251638.73,4083.83,255722.56,4092,252142,166.67,61.88,228.54,62,167,0.00,0.00,0,0
1410567609,s5-eth2,4083.83,251638.73,255722.56,252142,4092,61.88,166.67,228.54,167,62,0.00,0.00,0,0
1410567609,total,3409944.25,3422032.00,6831976.00,3428876,3416764,3187.62,3195.61,6383.23,3202,3194,0.00,0.00,0,0
1410567610,s1-eth1,723880.25,15467.07,739347.31,15498,725328,479.04,230.54,709.58,231,480,0.00,0.00,0,0
1410567610,s1-eth3,11904.19,539540.94,551445.12,540620,11928,177.64,357.29,534.93,358,178,0.00,0.00,0,0
1410567610,s1-eth2,3562.87,157141.72,160704.59,157456,3570,52.89,103.79,156.69,104,53,0.00,0.00,0,0
1410567610,s2-eth1,539540.94,11904.19,551445.12,11928,540620,357.29,177.64,534.93,178,358,0.00,0.00,0,0
1410567610,s2-eth3,8347.31,373333.34,381680.66,374080,8364,123.75,247.50,371.26,248,124,0.00,0.00,0,0
1410567610,s2-eth2,3556.89,166207.59,169764.47,166540,3564,53.89,109.78,163.67,110,54,0.00,0.00,0,0
1410567610,s3-eth1,373333.34,8347.31,381680.66,8364,374080,247.50,123.75,371.26,124,248,0.00,0.00,0,0
1410567610,s3-eth3,5976.05,256988.03,262964.09,257502,5988,87.82,170.66,258.48,171,88,0.00,0.00,0,0
1410567610,s3-eth2,2371.26,116345.31,118716.57,116578,2376,35.93,76.85,112.77,77,36,0.00,0.00,0,0
1410567610,eth0,0.00,0.00,0.00,0,0,0.00,0.00,0.00,0,0,0.00,0.00,0,0
1410567610,lo,0.00,0.00,0.00,0,0,0.00,0.00,0.00,0,0,0.00,0.00,0,0
1410567610,s4-eth1,257046.98,5741.13,262788.12,5988,268100,170.66,84.37,255.03,88,178,0.00,0.00,0,0
1410567610,s4-eth3,2594.44,153984.66,156579.09,160606,2706,39.31,102.59,141.90,107,41,0.00,0.00,0,0
1410567610,s4-eth2,3146.69,103062.32,106209.02,107494,3282,45.06,68.07,113.14,71,47,0.00,0.00,0,0
1410567610,s5-eth1,153837.16,2591.95,156429.11,2706,160606,102.49,39.27,141.76,41,107,0.00,0.00,0,0
1410567610,s5-eth2,2591.95,153837.16,156429.11,160606,2706,39.27,102.49,141.76,107,41,0.00,0.00,0,0
1410567610,total,2024155.12,1998051.75,4022206.75,2085966,2113218,1947.32,1930.08,3877.39,2015,2033,0.00,0.00,0,0
1410567611,s1-eth1,831381.38,17407.97,848789.38,18348,876276,552.18,252.37,804.55,266,582,0.00,0.00,0,0
1410567611,s1-eth3,13653.41,636255.69,649909.06,671886,14418,197.92,423.30,621.21,447,209,0.00,0.00,0,0
1410567611,s1-eth2,3721.59,193551.14,197272.72,204390,3930,53.98,127.84,181.82,135,57,0.00,0.00,0,0
1410567611,s2-eth1,636255.69,13653.41,649909.06,14418,671886,423.30,197.92,621.21,209,447,0.00,0.00,0,0
1410567611,s2-eth3,11153.41,509973.47,521126.88,538532,11778,160.04,339.02,499.05,358,169,0.00,0.00,0,0
1410567611,s2-eth2,2439.93,131643.25,134083.19,142438,2640,36.97,87.80,124.77,95,40,0.00,0.00,0,0
1410567611,s3-eth1,498179.47,10895.47,509074.94,11778,538532,331.17,156.34,487.51,169,358,0.00,0.00,0,0
1410567611,s3-eth3,4867.72,262773.38,267641.06,284058,5262,71.23,174.84,246.07,189,77,0.00,0.00,0,0
1410567611,s3-eth2,6027.75,235406.11,241433.86,254474,6516,85.11,156.34,241.44,169,92,0.00,0.00,0,0
1410567611,eth0,0.00,0.00,0.00,0,0,0.00,0.00,0.00,0,0,0.00,0.00,0,0
1410567611,lo,0.00,0.00,0.00,0,0,0.00,0.00,0.00,0,0,0.00,0.00,0,0
1410567611,s4-eth1,281596.53,5498.56,287095.09,5724,293142,187.32,80.69,268.01,84,195,0.00,0.00,0,0
1410567611,s4-eth3,2409.22,115681.08,118090.30,120424,2508,36.50,76.85,113.35,80,38,0.00,0.00,0,0
1410567611,s4-eth2,3089.34,165915.47,169004.80,172718,3216,44.19,110.47,154.66,115,46,0.00,0.00,0,0
1410567611,s5-eth1,115792.30,2411.54,118203.84,2508,120424,76.92,36.54,113.46,38,80,0.00,0.00,0,0
1410567611,s5-eth2,2411.54,115792.30,118203.84,120424,2508,36.54,76.92,113.46,80,38,0.00,0.00,0,0
1410567611,total,2454842.25,2463576.75,4918419.00,2562120,2553036,2334.62,2340.38,4675.00,2434,2428,0.00,0.00,0,0
1410567612,s1-eth1,885782.69,17464.60,903247.31,18006,913242,586.81,257.03,843.84,265,605,0.00,0.00,0,0
1410567612,s1-eth3,12303.21,663689.00,675992.25,682936,12660,178.81,439.26,618.08,452,184,0.00,0.00,0,0
1410567612,s1-eth2,5195.34,223815.36,229010.69,230306,5346,78.72,148.69,227.41,153,81,0.00,0.00,0,0
1410567612,s2-eth1,663689.00,12303.21,675992.25,12660,682936,439.26,178.81,618.08,184,452,0.00,0.00,0,0
1410567612,s2-eth3,9545.19,501047.62,510592.81,515578,9822,137.03,331.39,468.42,341,141,0.00,0.00,0,0
1410567612,s2-eth2,2829.51,157800.59,160630.11,158274,2838,42.87,104.69,147.56,105,43,0.00,0.00,0,0
1410567612,s3-eth1,514035.91,9792.62,523828.53,9822,515578,339.98,140.58,480.56,141,341,0.00,0.00,0,0
1410567612,s3-eth3,5856.43,337427.72,343284.16,338440,5874,84.75,223.33,308.08,224,85,0.00,0.00,0,0
1410567612,s3-eth2,3936.19,176608.17,180544.38,177138,3948,55.83,116.65,172.48,117,56,0.00,0.00,0,0
1410567612,eth0,0.00,0.00,0.00,0,0,0.00,0.00,0.00,0,0,0.00,0.00,0,0
1410567612,lo,909.27,909.27,1818.54,912,912,15.95,15.95,31.90,16,16,0.00,0.00,0,0
1410567612,s4-eth1,318121.75,5401.20,323522.97,5412,318758,210.58,77.84,288.42,78,211,0.00,0.00,0,0
1410567612,s4-eth3,2371.26,204798.41,207169.67,205208,2376,35.93,135.73,171.66,136,36,0.00,0.00,0,0
1410567612,s4-eth2,3029.94,113323.36,116353.30,113550,3036,41.92,74.85,116.77,75,42,0.00,0.00,0,0
1410567612,s5-eth1,204798.41,2371.26,207169.67,2376,205208,135.73,35.93,171.66,36,136,0.00,0.00,0,0
1410567612,s5-eth2,2371.26,204798.41,207169.67,205208,2376,35.93,135.73,171.66,136,36,0.00,0.00,0,0
1410567612,total,2679551.00,2670485.00,5350036.00,2675826,2684910,2460.08,2454.09,4914.17,2459,2465,0.00,0.00,0,0
1410567613,s1-eth1,893624.25,16467.20,910091.44,16566,898986,593.44,243.54,836.98,245,597,0.00,0.00,0,0
1410567613,s1-eth3,12095.43,727956.25,740051.69,732324,12168,180.91,483.10,664.02,486,182,0.00,0.00,0,0
1410567613,s1-eth2,4371.77,171687.88,176059.64,172718,4398,62.62,114.31,176.94,115,63,0.00,0.00,0,0
1410567613,s2-eth1,727956.25,12095.43,740051.69,12168,732324,483.10,180.91,664.02,182,486,0.00,0.00,0,0
1410567613,s2-eth3,7946.43,495085.31,503031.72,499046,8010,118.06,328.37,446.43,331,119,0.00,0.00,0,0
1410567613,s2-eth2,3778.87,230284.30,234063.17,233278,3828,57.26,153.01,210.27,155,58,0.00,0.00,0,0
1410567613,s3-eth1,492641.66,7907.21,500548.88,8010,499046,326.75,117.47,444.23,119,331,0.00,0.00,0,0
1410567613,s3-eth3,4649.56,308689.03,313338.59,312702,4710,70.09,204.34,274.43,207,71,0.00,0.00,0,0
1410567613,s3-eth2,3257.65,183952.61,187210.27,186344,3300,47.38,122.41,169.79,124,48,0.00,0.00,0,0
1410567613,eth0,0.00,0.00,0.00,0,0,0.00,0.00,0.00,0,0,0.00,0.00,0,0
1410567613,lo,0.00,0.00,0.00,0,0,0.00,0.00,0.00,0,0,0.00,0.00,0,0
1410567613,s4-eth1,308384.62,4644.97,313029.59,4710,312702,204.14,70.02,274.16,71,207,0.00,0.00,0,0
1410567613,s4-eth3,2668.64,188936.89,191605.53,191582,2706,40.43,125.25,165.68,127,41,0.00,0.00,0,0
1410567613,s4-eth2,1978.28,119565.65,121543.93,121120,2004,29.62,78.97,108.59,80,30,0.00,0.00,0,0
1410567613,s5-eth1,189123.39,2671.27,191794.67,2706,191582,125.37,40.47,165.84,41,127,0.00,0.00,0,0
1410567613,s5-eth2,2671.27,189123.39,191794.67,191582,2706,40.47,125.37,165.84,127,41,0.00,0.00,0,0
1410567613,total,2644096.75,2650400.75,5294497.50,2684856,2678470,2370.19,2379.07,4749.26,2410,2401,0.00,0.00,0,0
1410567614,s1-eth1,837750.25,19277.63,857027.88,21456,932416,557.05,280.32,837.38,312,620,0.00,0.00,0,0
1410567614,s1-eth3,15423.18,662163.50,677586.69,736988,17166,221.92,440.25,662.17,490,247,0.00,0.00,0,0
1410567614,s1-eth2,3854.45,181027.86,184882.30,201484,4290,58.40,120.40,178.80,134,65,0.00,0.00,0,0
1410567614,s2-eth1,662163.50,15423.18,677586.69,17166,736988,440.25,221.92,662.17,247,490,0.00,0.00,0,0
1410567614,s2-eth3,10153.02,454747.09,464900.09,505224,11280,149.41,302.43,451.85,336,166,0.00,0.00,0,0
1410567614,s2-eth2,5620.25,209551.53,215171.80,231764,6216,77.76,139.24,217.00,154,86,0.00,0.00,0,0
1410567614,s3-eth1,499238.69,10556.96,509795.66,11676,552158,331.83,155.52,487.34,172,367,0.00,0.00,0,0
1410567614,s3-eth3,6743.22,352027.12,358770.34,389342,7458,102.17,234.18,336.35,259,113,0.00,0.00,0,0
1410567614,s3-eth2,3813.74,147211.58,151025.31,162816,4218,53.35,97.65,150.99,108,59,0.00,0.00,0,0
1410567614,eth0,0.00,0.00,0.00,0,0,0.00,0.00,0.00,0,0,0.00,0.00,0,0
1410567614,lo,0.00,0.00,0.00,0,0,0.00,0.00,0.00,0,0,0.00,0.00,0,0
1410567614,s4-eth1,352345.72,6749.32,359095.03,7458,389342,234.39,102.26,336.65,113,259,0.00,0.00,0,0
1410567614,s4-eth3,2685.35,149320.08,152005.42,165148,2970,40.69,99.46,140.14,110,45,0.00,0.00,0,0
1410567614,s4-eth2,4057.87,202707.05,206764.92,224194,4488,61.48,134.72,196.20,149,68,0.00,0.00,0,0
1410567614,s5-eth1,149320.08,2685.35,152005.42,2970,165148,99.46,40.69,140.14,45,110,0.00,0.00,0,0
1410567614,s5-eth2,2685.35,149320.08,152005.42,165148,2970,40.69,99.46,140.14,110,45,0.00,0.00,0,0
1410567614,total,2567518.50,2572700.50,5140219.00,2842834,2837108,2479.64,2478.73,4958.37,2739,2740,0.00,0.00,0,0
1410567615,s1-eth1,935740.31,12428.15,948168.50,12540,944162,619.43,188.31,807.73,190,625,0.00,0.00,0,0
1410567615,s1-eth3,10792.86,830705.62,841498.50,838182,10890,163.53,550.05,713.58,555,165,0.00,0.00,0,0
1410567615,s1-eth2,1635.28,96031.72,97667.00,96896,1650,24.78,63.43,88.21,64,25,0.00,0.00,0,0
1410567615,s2-eth1,830705.62,10792.86,841498.50,10890,838182,550.05,163.53,713.58,165,555,0.00,0.00,0,0
1410567615,s2-eth3,7522.30,678344.88,685867.19,684450,7590,113.97,448.96,562.93,453,115,0.00,0.00,0,0
1410567615,s2-eth2,3270.56,153861.25,157131.81,155246,3300,49.55,102.08,151.64,103,50,0.00,0.00,0,0
1410567615,s3-eth1,631829.56,7129.83,638959.38,7194,637516,418.24,108.03,526.26,109,422,0.00,0.00,0,0
1410567615,s3-eth3,4251.73,276901.88,281153.62,279394,4290,64.42,183.35,247.77,185,65,0.00,0.00,0,0
1410567615,s3-eth2,2878.10,354927.66,357805.75,358122,2904,43.61,234.89,278.49,237,44,0.00,0.00,0,0
1410567615,eth0,0.00,0.00,0.00,0,0,0.00,0.00,0.00,0,0,0.00,0.00,0,0
1410567615,lo,0.00,0.00,0.00,0,0,0.00,0.00,0.00,0,0,0.00,0.00,0,0
1410567615,s4-eth1,276901.88,4251.73,281153.62,4290,279394,183.35,64.42,247.77,65,185,0.00,0.00,0,0
1410567615,s4-eth3,1962.34,171867.20,173829.53,173414,1980,29.73,113.97,143.71,115,30,0.00,0.00,0,0
1410567615,s4-eth2,2289.40,105034.69,107324.09,105980,2310,34.69,69.38,104.06,70,35,0.00,0.00,0,0
1410567615,s5-eth1,171867.20,1962.34,173829.53,1980,173414,113.97,29.73,143.71,30,115,0.00,0.00,0,0
1410567615,s5-eth2,1960.40,171697.03,173657.42,173414,1980,29.70,113.86,143.56,115,30,0.00,0.00,0,0
1410567615,total,2880754.50,2873259.50,5754014.00,2901992,2909562,2436.63,2431.68,4868.32,2456,2461,0.00,0.00,0,0
1410567616,s1-eth1,683031.75,16619.83,699651.56,17268,709670,453.32,242.54,695.86,252,471,0.00,0.00,0,0
1410567616,s1-eth3,12652.55,529911.44,542564.00,550578,13146,185.76,351.30,537.05,365,193,0.00,0.00,0,0
1410567616,s1-eth2,3967.28,150205.97,154173.25,156064,4122,56.79,100.10,156.88,104,59,0.00,0.00,0,0
1410567616,s2-eth1,529911.44,12652.55,542564.00,13146,550578,351.30,185.76,537.05,193,365,0.00,0.00,0,0
1410567616,s2-eth3,9730.51,387778.62,397509.16,402902,10110,143.41,256.98,400.38,267,149,0.00,0.00,0,0
1410567616,s2-eth2,2922.04,140675.66,143597.69,146162,3036,42.35,93.36,135.71,97,44,0.00,0.00,0,0
1410567616,s3-eth1,387778.62,9730.51,397509.16,10110,402902,256.98,143.41,400.38,149,267,0.00,0.00,0,0
1410567616,s3-eth3,5982.68,299507.22,305489.91,311188,6216,86.62,198.27,284.89,206,90,0.00,0.00,0,0
1410567616,s3-eth2,3751.45,88356.45,92107.90,91714,3894,56.84,58.77,115.61,61,59,0.00,0.00,0,0
1410567616,eth0,0.00,0.00,0.00,0,0,0.00,0.00,0.00,0,0,0.00,0.00,0,0
1410567616,lo,928.71,928.71,1857.42,964,964,16.38,16.38,32.76,17,17,0.00,0.00,0,0
1410567616,s4-eth1,299795.75,5988.44,305784.19,6216,311188,198.46,86.71,285.16,90,206,0.00,0.00,0,0
1410567616,s4-eth3,2606.94,156855.48,159462.42,162816,2706,39.50,104.05,143.55,108,41,0.00,0.00,0,0
1410567616,s4-eth2,3381.50,142940.27,146321.77,148372,3510,47.21,94.41,141.62,98,49,0.00,0.00,0,0
1410567616,s5-eth1,156855.48,2606.94,159462.42,2706,162816,104.05,39.50,143.55,41,108,0.00,0.00,0,0
1410567616,s5-eth2,2606.94,156855.48,159462.42,162816,2706,39.50,104.05,143.55,108,41,0.00,0.00,0,0
1410567616,total,2107479.75,2103104.00,4210584.00,2183022,2187564,2079.96,2077.07,4157.03,2156,2159,0.00,0.00,0,0
1410567617,s1-eth1,791906.62,14976.65,806883.25,15396,814080,525.29,223.74,749.03,230,540,0.00,0.00,0,0
1410567617,s1-eth3,11124.51,612110.88,623235.44,629250,11436,165.37,405.64,571.01,417,170,0.00,0.00,0,0
1410567617,s1-eth2,3852.14,181268.48,185120.62,186344,3960,58.37,120.62,178.99,124,60,0.00,0.00,0,0
1410567617,s2-eth1,612110.88,11124.51,623235.44,11436,629250,405.64,165.37,571.01,170,417,0.00,0.00,0,0
1410567617,s2-eth3,8859.92,466984.44,475844.34,480060,9108,134.24,309.34,443.58,318,138,0.00,0.00,0,0
1410567617,s2-eth2,2775.51,174412.05,177187.56,179470,2856,38.87,115.65,154.52,119,40,0.00,0.00,0,0
1410567617,s3-eth1,466530.62,8851.31,475381.94,9108,480060,309.04,134.11,443.15,138,318,0.00,0.00,0,0
1410567617,s3-eth3,5136.19,293875.50,299011.69,302104,5280,77.82,194.55,272.37,200,80,0.00,0.00,0,0
1410567617,s3-eth2,3723.74,173108.95,176832.69,177956,3828,56.42,114.79,171.21,118,58,0.00,0.00,0,0
1410567617,eth0,0.00,0.00,0.00,0,0,0.00,0.00,0.00,0,0,0.00,0.00,0,0
1410567617,lo,0.00,0.00,0.00,0,0,0.00,0.00,0.00,0,0,0.00,0.00,0,0
1410567617,s4-eth1,293589.91,5131.20,298721.09,5280,302104,194.36,77.75,272.11,80,200,0.00,0.00,0,0
1410567617,s4-eth3,2501.46,167055.39,169556.86,171900,2574,37.90,110.79,148.69,114,39,0.00,0.00,0,0
1410567617,s4-eth2,2629.74,126534.50,129164.24,130204,2706,39.84,83.58,123.42,86,41,0.00,0.00,0,0
1410567617,s5-eth1,167055.39,2501.46,169556.86,2574,171900,110.79,37.90,148.69,39,114,0.00,0.00,0,0
1410567617,s5-eth2,2501.46,167055.39,169556.86,171900,2574,37.90,110.79,148.69,114,39,0.00,0.00,0,0
1410567617,total,2372902.00,2403286.75,4776188.50,2472982,2441716,2190.48,2203.11,4393.59,2267,2254,0.00,0.00,0,0
1410567618,s1-eth1,797244.25,14949.15,812193.44,14994,799636,528.41,226.32,754.74,227,530,0.00,0.00,0,0
1410567618,s1-eth3,12843.47,700638.06,713481.56,702740,12882,194.42,464.61,659.02,466,195,0.00,0.00,0,0
1410567618,s1-eth2,2105.68,95096.71,97202.39,95382,2112,31.90,62.81,94.72,63,32,0.00,0.00,0,0
1410567618,s2-eth1,700638.06,12843.47,713481.56,12882,702740,464.61,194.42,659.02,195,466,0.00,0.00,0,0
1410567618,s2-eth3,10474.58,581389.81,591864.44,583134,10506,158.52,385.84,544.37,387,159,0.00,0.00,0,0
1410567618,s2-eth2,1842.47,89058.82,90901.30,89326,1848,27.92,58.82,86.74,59,28,0.00,0.00,0,0
1410567618,s3-eth1,581389.81,10474.58,591864.44,10506,583134,385.84,158.52,544.37,159,387,0.00,0.00,0,0
1410567618,s3-eth3,6526.42,374470.59,380997.00,375594,6546,98.70,248.26,346.96,249,99,0.00,0.00,0,0
1410567618,s3-eth2,3948.16,206919.25,210867.41,207540,3960,59.82,137.59,197.41,138,60,0.00,0.00,0,0
1410567618,eth0,0.00,0.00,0.00,0,0,0.00,0.00,0.00,0,0,0.00,0.00,0,0
1410567618,lo,0.00,0.00,0.00,0,0,0.00,0.00,0.00,0,0,0.00,0.00,0,0
1410567618,s4-eth1,374844.31,6532.93,381377.25,6546,375594,248.50,98.80,347.31,99,249,0.00,0.00,0,0
1410567618,s4-eth3,4017.96,250944.12,254962.08,251446,4026,60.88,166.67,227.54,167,61,0.00,0.00,0,0
1410567618,s4-eth2,2514.97,123900.20,126415.17,124148,2520,37.92,81.84,119.76,82,38,0.00,0.00,0,0
1410567618,s5-eth1,250944.12,4017.96,254962.08,4026,251446,166.67,60.88,227.54,61,167,0.00,0.00,0,0
1410567618,s5-eth2,4017.96,250944.12,254962.08,251446,4026,60.88,166.67,227.54,167,61,0.00,0.00,0,0
1410567618,total,2755465.25,2724261.50,5479726.50,2729710,2760976,2526.95,2513.97,5040.92,2519,2532,0.00,0.00,0,0
1410567619,s1-eth1,731060.81,13495.51,744556.31,13536,733254,485.54,197.41,682.95,198,487,0.00,0.00,0,0
1410567619,s1-eth3,10265.20,618544.38,628809.56,620400,10296,151.55,410.77,562.31,412,152,0.00,0.00,0,0
1410567619,s1-eth2,3230.31,112516.45,115746.76,112854,3240,45.86,74.78,120.64,75,46,0.00,0.00,0,0
1410567619,s2-eth1,617928.31,10254.98,628183.31,10296,620400,410.36,151.39,561.75,152,412,0.00,0.00,0,0
1410567619,s2-eth3,7559.76,451930.28,459490.06,453738,7590,110.56,299.80,410.36,301,111,0.00,0.00,0,0
1410567619,s2-eth2,2695.22,165998.02,168693.23,166662,2706,40.84,110.56,151.39,111,41,0.00,0.00,0,0
1410567619,s3-eth1,451930.28,7559.76,459490.06,7590,453738,299.80,110.56,410.36,111,301,0.00,0.00,0,0
1410567619,s3-eth3,5324.70,312382.47,317707.19,313632,5346,76.69,207.17,283.86,208,77,0.00,0.00,0,0
1410567619,s3-eth2,2235.06,139547.81,141782.88,140106,2244,33.86,92.63,126.49,93,34,0.00,0.00,0,0
1410567619,eth0,0.00,0.00,0.00,0,0,0.00,0.00,0.00,0,0,0.00,0.00,0,0
1410567619,lo,0.00,0.00,0.00,0,0,0.00,0.00,0.00,0,0,0.00,0.00,0,0
1410567619,s4-eth1,312071.62,5319.40,317391.03,5346,313632,206.97,76.62,283.58,77,208,0.00,0.00,0,0
1410567619,s4-eth3,1970.15,162005.97,163976.11,162816,1980,29.85,107.46,137.31,108,30,0.00,0.00,0,0
1410567619,s4-eth2,3349.25,150065.67,153414.92,150816,3366,46.77,99.50,146.27,100,47,0.00,0.00,0,0
1410567619,s5-eth1,162005.97,1970.15,163976.11,1980,162816,107.46,29.85,137.31,30,108,0.00,0.00,0,0
1410567619,s5-eth2,1970.15,162005.97,163976.11,162816,1980,29.85,107.46,137.31,108,30,0.00,0.00,0,0
1410567619,total,2311032.75,2311032.75,4622065.50,2322588,2322588,2073.63,2073.63,4147.26,2084,2084,0.00,0.00,0,0
1410567620,s1-eth1,956711.75,16502.98,973214.69,16602,962452,634.19,249.50,883.70,251,638,0.00,0.00,0,0
1410567620,s1-eth3,14117.30,860393.62,874510.94,865556,14202,213.72,570.58,784.29,574,215,0.00,0.00,0,0
1410567620,s1-eth2,2385.69,102337.97,104723.66,102952,2400,35.79,67.59,103.38,68,36,0.00,0.00,0,0
1410567620,s2-eth1,861249.75,14131.34,875381.06,14202,865556,571.14,213.93,785.07,215,574,0.00,0.00,0,0
1410567620,s2-eth3,10443.34,635339.94,645783.31,639152,10506,158.05,421.47,579.52,424,159,0.00,0.00,0,0
1410567620,s2-eth2,3655.79,229930.77,233586.55,232460,3696,55.39,152.32,207.72,154,56,0.00,0.00,0,0
1410567620,s3-eth1,632197.81,10391.69,642589.56,10506,639152,419.39,157.27,576.66,159,424,0.00,0.00,0,0
1410567620,s3-eth3,7454.01,454680.53,462134.53,459682,7536,112.76,301.68,414.44,305,114,0.00,0.00,0,0
1410567620,s3-eth2,2937.69,177517.31,180455.00,179470,2970,44.51,117.71,162.22,119,45,0.00,0.00,0,0
1410567620,eth0,0.00,0.00,0.00,0,0,0.00,0.00,0.00,0,0,0.00,0.00,0,0
1410567620,lo,0.00,0.00,0.00,0,0,0.00,0.00,0.00,0,0,0.00,0.00,0,0
1410567620,s4-eth1,454680.53,7454.01,462134.53,7536,459682,301.68,112.76,414.44,114,305,0.00,0.00,0,0
1410567620,s4-eth3,3456.52,289666.00,293122.53,293142,3498,52.37,192.69,245.06,195,53,0.00,0.00,0,0
1410567620,s4-eth2,3990.12,168365.61,172355.73,170386,4038,60.28,111.66,171.94,113,61,0.00,0.00,0,0
1410567620,s5-eth1,289666.00,3456.52,293122.53,3498,293142,192.69,52.37,245.06,53,195,0.00,0.00,0,0
1410567620,s5-eth2,3456.52,289666.00,293122.53,293142,3498,52.37,192.69,245.06,195,53,0.00,0.00,0,0
1410567620,total,3230333.75,3246086.75,6476420.50,3288286,3272328,2890.42,2901.28,5791.71,2939,2928,0.00,0.00,0,0
1410567621,s1-eth1,828070.88,15397.39,843468.25,16506,887692,550.37,230.41,780.78,247,590,0.00,0.00,0,0
1410567621,s1-eth3,12750.00,689550.38,702300.38,739198,13668,190.30,458.02,648.32,491,204,0.00,0.00,0,0
1410567621,s1-eth2,2647.39,132871.27,135518.66,142438,2838,40.11,88.62,128.73,95,43,0.00,0.00,0,0
1410567621,s2-eth1,689550.38,12750.00,702300.38,13668,739198,458.02,190.30,648.32,204,491,0.00,0.00,0,0
1410567621,s2-eth3,10481.79,555785.25,566267.06,595246,11226,155.93,368.81,524.74,395,167,0.00,0.00,0,0
1410567621,s2-eth2,2290.81,129358.35,131649.16,137896,2442,34.71,86.30,121.01,92,37,0.00,0.00,0,0
1410567621,s3-eth1,558392.12,10530.96,568923.06,11226,595246,370.54,156.66,527.20,167,395,0.00,0.00,0,0
1410567621,s3-eth3,7373.36,387193.25,394566.62,412748,7860,108.82,257.04,365.85,274,116,0.00,0.00,0,0
1410567621,s3-eth2,3157.60,171198.88,174356.48,182498,3366,47.84,113.51,161.35,121,51,0.00,0.00,0,0
1410567621,eth0,0.00,0.00,0.00,0,0,0.00,0.00,0.00,0,0,0.00,0.00,0,0
1410567621,lo,322.70,322.70,645.40,344,344,5.63,5.63,11.26,6,6,0.00,0.00,0,0
1410567621,s4-eth1,386830.34,7366.45,394196.81,7860,412748,256.79,108.72,365.51,116,274,0.00,0.00,0,0
1410567621,s4-eth3,3095.68,215227.02,218322.70,229432,3300,46.90,142.59,189.49,152,50,0.00,0.00,0,0
1410567621,s4-eth2,4277.67,168358.36,172636.03,179470,4560,61.91,111.63,173.55,119,66,0.00,0.00,0,0
1410567621,s5-eth1,215227.02,3095.68,218322.70,3300,229432,142.59,46.90,189.49,50,152,0.00,0.00,0,0
1410567621,s5-eth2,3098.59,215429.11,218527.69,229432,3300,46.95,142.72,189.67,152,50,0.00,0.00,0,0
1410567621,total,2739173.75,2724189.50,5463363.00,2901262,2917220,2527.70,2517.37,5045.07,2681,2692,0.00,0.00,0,0
1410567622,s1-eth1,959573.31,13292.12,972865.44,13332,962452,636.09,201.40,837.49,202,638,0.00,0.00,0,0
1410567622,s1-eth3,10199.40,835796.62,845996.00,838304,10230,154.54,554.34,708.87,556,155,0.00,0.00,0,0
1410567622,s1-eth2,3089.64,131193.23,134282.88,131718,3102,46.81,86.65,133.47,87,47,0.00,0.00,0,0
1410567622,s2-eth1,831650.75,10148.81,841799.56,10230,838304,551.59,153.77,705.36,155,556,0.00,0.00,0,0
1410567622,s2-eth3,7660.71,667123.00,674783.69,672460,7722,116.07,442.46,558.53,446,117,0.00,0.00,0,0
1410567622,s2-eth2,2488.10,164527.77,167015.88,165844,2508,37.70,109.13,146.83,110,38,0.00,0.00,0,0
1410567622,s3-eth1,667123.00,7660.71,674783.69,7722,672460,442.46,116.07,558.53,117,446,0.00,0.00,0,0
1410567622,s3-eth3,4976.19,420676.56,425652.75,424042,5016,75.40,278.77,354.17,281,76,0.00,0.00,0,0
1410567622,s3-eth2,2684.52,246446.42,249130.94,248418,2706,40.67,163.69,204.37,165,41,0.00,0.00,0,0
1410567622,eth0,0.00,0.00,0.00,0,0,0.00,0.00,0.00,0,0,0.00,0.00,0,0
1410567622,lo,511.90,511.90,1023.81,516,516,8.93,8.93,17.86,9,9,0.00,0.00,0,0
1410567622,s4-eth1,421094.34,4981.13,426075.47,5016,424042,279.05,75.47,354.52,76,281,0.00,0.00,0,0
1410567622,s4-eth3,2556.11,287285.00,289841.12,289296,2574,38.73,190.67,229.39,192,39,0.00,0.00,0,0
1410567622,s4-eth2,2425.02,133809.33,136234.36,134746,2442,36.74,88.38,125.12,89,37,0.00,0.00,0,0
1410567622,s5-eth1,287285.00,2556.11,289841.12,2574,289296,190.67,38.73,229.39,39,192,0.00,0.00,0,0
1410567622,s5-eth2,2556.11,287285.00,289841.12,289296,2574,38.73,190.67,229.39,192,39,0.00,0.00,0,0
1410567622,total,3203519.50,3211036.75,6414556.00,3233514,3225944,2692.15,2697.12,5389.28,2716,2711,0.00,0.00,0,0
1410567623,s1-eth1,1093172.62,17547.62,1110720.25,17688,1101918,725.20,265.87,991.07,268,731,0.00,0.00,0,0
1410567623,s1-eth3,15175.42,967427.19,982602.56,976134,15312,229.93,641.23,871.16,647,232,0.00,0.00,0,0
1410567623,s1-eth2,2359.48,117392.26,119751.74,118214,2376,35.75,78.45,114.20,79,36,0.00,0.00,0,0
1410567623,s2-eth1,973214.38,15266.20,988480.56,15312,976134,645.06,231.31,876.37,232,647,0.00,0.00,0,0
1410567623,s2-eth3,12173.48,756544.38,768717.88,758814,12210,184.45,501.50,685.94,503,185,0.00,0.00,0,0
1410567623,s2-eth2,3092.72,216669.98,219762.72,217320,3102,46.86,143.57,190.43,144,47,0.00,0.00,0,0
1410567623,s3-eth1,756544.38,12173.48,768717.88,12210,758814,501.50,184.45,685.94,185,503,0.00,0.00,0,0
1410567623,s3-eth3,7764.71,460566.31,468331.00,461948,7788,117.65,305.08,422.73,306,118,0.00,0.00,0,0
1410567623,s3-eth2,4404.38,295683.28,300087.66,296866,4422,66.73,196.22,262.95,197,67,0.00,0.00,0,0
1410567623,eth0,0.00,0.00,0.00,0,0,0.00,0.00,0.00,0,0,0.00,0.00,0,0
1410567623,lo,0.00,0.00,0.00,0,0,0.00,0.00,0.00,0,0,0.00,0.00,0,0
1410567623,s4-eth1,460107.59,7756.97,467864.56,7788,461948,304.78,117.53,422.31,118,306,0.00,0.00,0,0
1410567623,s4-eth3,1774.90,122960.16,124735.06,123452,1782,26.89,81.67,108.57,82,27,0.00,0.00,0,0
1410567623,s4-eth2,5982.07,337147.41,343129.50,338496,6006,90.64,223.11,313.75,224,91,0.00,0.00,0,0
1410567623,s5-eth1,123082.75,1776.67,124859.42,1782,123452,81.75,26.92,108.67,27,82,0.00,0.00,0,0
1410567623,s5-eth2,1776.67,123082.75,124859.42,123452,1782,26.92,81.75,108.67,82,27,0.00,0.00,0,0
1410567623,total,3466646.00,3459098.75,6925745.00,3469476,3477046,3089.73,3084.75,6174.48,3094,3099,0.00,0.00,0,0
1410567624,s1-eth1,815582.69,16857.69,832440.38,17532,848206,541.35,246.15,787.50,256,563,0.00,0.00,0,0
1410567624,s1-eth3,14065.38,697665.38,711730.75,725572,14628,203.85,463.46,667.31,482,212,0.00,0.00,0,0
1410567624,s1-eth2,2792.31,120828.84,123621.15,125662,2904,42.31,79.81,122.12,83,44,0.00,0.00,0,0
1410567624,s2-eth1,697665.38,14065.38,711730.75,14628,725572,463.46,203.85,667.31,212,482,0.00,0.00,0,0
1410567624,s2-eth3,8630.77,581203.81,589834.62,604452,8976,130.77,386.54,517.31,402,136,0.00,0.00,0,0
1410567624,s2-eth2,5434.62,122284.61,127719.23,127176,5652,73.08,80.77,153.85,84,76,0.00,0.00,0,0
1410567624,s3-eth1,616142.31,8630.77,624773.06,8976,640788,409.62,130.77,540.38,136,426,0.00,0.00,0,0
1410567624,s3-eth3,5584.62,323415.38,329000.00,336352,5808,84.62,215.38,300.00,224,88,0.00,0.00,0,0
1410567624,s3-eth2,3046.15,292726.91,295773.06,304436,3168,46.15,194.23,240.38,202,48,0.00,0.00,0,0
1410567624,eth0,0.00,0.00,0.00,0,0,0.00,0.00,0.00,0,0,0.00,0.00,0,0
1410567624,lo,0.00,0.00,0.00,0,0,0.00,0.00,0.00,0,0,0.00,0.00,0,0
1410567624,s4-eth1,323415.38,5584.62,329000.00,5808,336352,215.38,84.62,300.00,88,224,0.00,0.00,0,0
1410567624,s4-eth3,4061.54,247598.06,251659.61,257502,4224,61.54,164.42,225.96,171,64,0.00,0.00,0,0
1410567624,s4-eth2,1523.08,75817.30,77340.38,78850,1584,23.08,50.96,74.04,53,24,0.00,0.00,0,0
1410567624,s5-eth1,247598.06,4061.54,251659.61,4224,257502,164.42,61.54,225.96,64,171,0.00,0.00,0,0
1410567624,s5-eth2,4061.54,247598.06,251659.61,257502,4224,61.54,164.42,225.96,171,64,0.00,0.00,0,0
1410567624,total,2746962.50,2755688.75,5502651.50,2868672,2859588,2518.73,2524.50,5043.23,2628,2622,0.00,0.00,0,0
1410567625,s1-eth1,1197057.62,20445.33,1217503.00,20568,1204240,795.23,296.22,1091.45,298,800,0.00,0.00,0,0
1410567625,s1-eth3,16170.80,1021344.62,1037515.38,1028494,16284,234.36,678.25,912.61,683,236,0.00,0.00,0,0
1410567625,s1-eth2,4212.39,178763.03,182975.42,181802,4284,60.96,118.98,179.94,121,62,0.00,0.00,0,0
1410567625,s2-eth1,1011301.88,16011.80,1027313.69,16284,1028494,671.58,232.06,903.64,236,683,0.00,0.00,0,0
1410567625,s2-eth3,9976.40,705195.69,715172.06,717184,10146,142.58,468.04,610.62,476,145,0.00,0.00,0,0
1410567625,s2-eth2,6029.47,301343.81,307373.28,306768,6138,89.39,200.39,289.78,204,91,0.00,0.00,0,0
1410567625,s3-eth1,697752.19,9976.40,707728.62,10146,709614,463.13,142.58,605.70,145,471,0.00,0.00,0,0
1410567625,s3-eth3,6861.36,456464.12,463325.47,464224,6978,95.38,302.85,398.23,308,97,0.00,0.00,0,0
1410567625,s3-eth2,3115.04,241288.11,244403.14,245390,3168,47.20,160.28,207.47,163,48,0.00,0.00,0,0
1410567625,eth0,0.00,0.00,0.00,0,0,0.00,0.00,0.00,0,0,0.00,0.00,0,0
1410567625,lo,0.00,0.00,0.00,0,0,0.00,0.00,0.00,0,0,0.00,0.00,0,0
1410567625,s4-eth1,443384.91,7260.75,450645.66,7602,464224,294.17,100.29,394.46,105,308,0.00,0.00,0,0
1410567625,s4-eth3,4865.33,315352.44,320217.75,330174,5094,63.99,209.17,273.16,219,67,0.00,0.00,0,0
1410567625,s4-eth2,2390.85,127788.37,130179.22,134050,2508,36.22,84.84,121.07,89,38,0.00,0.00,0,0
1410567625,s5-eth1,313258.06,4833.02,318091.06,5094,330174,207.78,63.57,271.35,67,219,0.00,0.00,0,0
1410567625,s5-eth2,4814.74,312073.72,316888.47,330174,5094,63.33,206.99,270.32,219,67,0.00,0.00,0,0
1410567625,total,3584929.25,3586358.75,7171288.00,3797954,3796440,3146.36,3147.31,6293.67,3333,3332,0.00,0.00,0,0
1410567626,s1-eth1,865643.00,17753.27,883396.25,18996,926238,574.77,257.94,832.71,276,615,0.00,0.00,0,0
1410567626,s1-eth3,12829.91,671029.88,683859.81,718002,13728,186.92,445.79,632.71,477,200,0.00,0.00,0,0
1410567626,s1-eth2,4974.50,199493.86,204468.36,211264,5268,71.77,132.20,203.97,140,76,0.00,0.00,0,0
1410567626,s2-eth1,678000.00,12963.17,690963.19,13728,718002,450.42,188.86,639.28,200,477,0.00,0.00,0,0
1410567626,s2-eth3,10691.22,587159.56,597850.81,621802,11322,155.81,389.99,545.80,413,165,0.00,0.00,0,0
1410567626,s2-eth2,2271.95,89410.77,91682.72,94686,2406,33.05,59.49,92.54,63,35,0.00,0.00,0,0
1410567626,s3-eth1,559996.25,10691.22,570687.44,11322,593036,372.05,155.81,527.86,165,394,0.00,0.00,0,0
1410567626,s3-eth3,7076.49,331136.91,338213.41,350674,7494,101.04,220.02,321.06,233,107,0.00,0.00,0,0
1410567626,s3-eth2,3614.73,228859.30,232474.03,242362,3828,54.77,152.03,206.80,161,58,0.00,0.00,0,0
1410567626,eth0,0.00,0.00,0.00,0,0,0.00,0.00,0.00,0,0,0.00,0.00,0,0
1410567626,lo,830.12,830.12,1660.23,860,860,14.48,14.48,28.96,15,15,0.00,0.00,0,0
1410567626,s4-eth1,340791.06,6676.38,347467.44,6870,350674,226.43,96.21,322.64,99,233,0.00,0.00,0,0
1410567626,s4-eth3,2827.99,176678.33,179506.31,181802,2910,41.79,117.59,159.38,121,43,0.00,0.00,0,0
1410567626,s4-eth2,3855.89,164432.33,168288.22,168872,3960,54.53,109.06,163.58,112,56,0.00,0.00,0,0
1410567626,s5-eth1,177888.45,2847.36,180735.81,2910,181802,118.40,42.07,160.47,43,121,0.00,0.00,0,0
1410567626,s5-eth2,2858.55,178587.42,181445.97,181802,2910,42.24,118.86,161.10,121,43,0.00,0.00,0,0
1410567626,total,2779958.75,2781448.75,5561407.50,2825952,2824438,2596.46,2597.44,5193.90,2639,2638,0.00,0.00,0,0
1410567627,s1-eth1,1120833.88,18058.31,1138892.12,18582,1153338,743.44,271.14,1014.58,279,765,0.00,0.00,0,0
1410567627,s1-eth3,14017.49,925028.19,939045.69,951854,14424,209.91,613.22,823.13,631,216,0.00,0.00,0,0
1410567627,s1-eth2,4036.89,191205.83,195242.72,196942,4158,61.17,127.18,188.35,131,63,0.00,0.00,0,0
1410567627,s2-eth1,894599.62,13556.39,908156.00,14424,951854,593.05,203.01,796.05,216,631,0.00,0.00,0,0
1410567627,s2-eth3,10765.04,759421.06,770186.06,808024,11454,160.71,503.76,664.47,536,171,0.00,0.00,0,0
1410567627,s2-eth2,2791.35,135178.56,137969.92,143830,2970,42.29,89.29,131.58,95,45,0.00,0.00,0,0
1410567627,s3-eth1,792893.69,11469.43,804363.12,12192,842846,525.87,171.21,697.08,182,559,0.00,0.00,0,0
1410567627,s3-eth3,8923.80,523591.72,532515.56,556578,9486,132.64,347.13,479.77,369,141,0.00,0.00,0,0
1410567627,s3-eth2,2540.84,271639.44,274180.28,289296,2706,38.50,180.28,218.78,192,41,0.00,0.00,0,0
1410567627,eth0,0.00,0.00,0.00,0,0,0.00,0.00,0.00,0,0,0.00,0.00,0,0
1410567627,lo,0.00,0.00,0.00,0,0,0.00,0.00,0.00,0,0,0.00,0.00,0,0
1410567627,s4-eth1,526383.81,8892.56,535276.38,9684,573232,348.94,132.23,481.18,144,380,0.00,0.00,0,0
1410567627,s4-eth3,2969.70,