1409514977,s1-eth1,0.00,0.00,0.00,0,0,0.00,0.00,0.00,0,0,0.00,0.00,0,0
1409514977,s1-eth2,0.00,0.00,0.00,0,0,0.00,0.00,0.00,0,0,0.00,0.00,0,0
1409514977,s2-eth1,0.00,0.00,0.00,0,0,0.00,0.00,0.00,0,0,0.00,0.00,0,0
1409514977,s2-eth2,0.00,0.00,0.00,0,0,0.00,0.00,0.00,0,0,0.00,0.00,0,0
1409514977,eth0,0.00,0.00,0.00,0,0,0.00,0.00,0.00,0,0,0.00,0.00,0,0
1409514977,lo,0.00,0.00,0.00,0,0,0.00,0.00,0.00,0,0,0.00,0.00,0,0
1409514977,total,0.00,0.00,0.00,0,0,0.00,0.00,0.00,0,0,0.00,0.00,0,0
1409514978,s1-eth1,4268708.00,101050.00,4369758.00,101050,4268708,2828.00,1531.00,4359.00,1531,2828,0.00,0.00,0,0
1409514978,s1-eth2,99664.00,4285362.00,4385026.00,4285362,99664,1510.00,2839.00,4349.00,2839,1510,0.00,0.00,0,0
1409514978,s2-eth1,4285362.00,99664.00,4385026.00,99664,4285362,2839.00,1510.00,4349.00,1510,2839,0.00,0.00,0,0
1409514978,s2-eth2,98146.00,4279306.00,4377452.00,4279306,98146,1487.00,2835.00,4322.00,2835,1487,0.00,0.00,0,0
1409514978,eth0,0.00,60.00,60.00,60,0,0.00,1.00,1.00,1,0,0.00,0.00,0,0
1409514978,lo,1072.00,1072.00,2144.00,1072,1072,12.00,12.00,24.00,12,12,0.00,0.00,0,0
1409514978,total,8752952.00,8766514.00,17519466.00,8766514,8752952,8676.00,8728.00,17404.00,8728,8676,0.00,0.00,0,0
1409514979,s1-eth1,6252364.00,138402.00,6390766.00,138402,6252364,4134.00,2097.00,6231.00,2097,4134,0.00,0.00,0,0
1409514979,s1-eth2,138402.00,6252228.00,6390630.00,6252228,138402,2097.00,4134.00,6231.00,4134,2097,0.00,0.00,0,0
1409514979,s2-eth1,6252228.00,138402.00,6390630.00,138402,6252228,4134.00,2097.00,6231.00,2097,4134,0.00,0.00,0,0
1409514979,s2-eth2,138534.00,6252228.00,6390762.00,6252228,138534,2099.00,4134.00,6233.00,4134,2099,0.00,0.00,0,0
1409514979,eth0,0.00,0.00,0.00,0,0,0.00,0.00,0.00,0,0,0.00,0.00,0,0
1409514979,lo,0.00,0.00,0.00,0,0,0.00,0.00,0.00,0,0,0.00,0.00,0,0
1409514979,total,12781528.00,12781260.00,25562788.00,12781260,12781528,12464.00,12462.00,24926.00,12462,12464,0.00,0.00,0,0
1409514980,s1-eth1,6251792.00,136620.00,6388412.00,136620,6251792,4132.00,2070.00,6202.00,2070,4132,0.00,0.00,0,0
1409514980,s1-eth2,136620.00,6250414.00,6387034.00,6250414,136620,2070.00,4131.00,6201.00,4131,2070,0.00,0.00,0,0
1409514980,s2-eth1,6250414.00,136620.00,6387034.00,136620,6250414,4131.00,2070.00,6201.00,2070,4131,0.00,0.00,0,0
1409514980,s2-eth2,136620.00,6251344.00,6387964.00,6251344,136620,2070.00,4132.00,6202.00,4132,2070,0.00,0.00,0,0
1409514980,eth0,0.00,0.00,0.00,0,0,0.00,0.00,0.00,0,0,0.00,0.00,0,0
1409514980,lo,0.00,0.00,0.00,0,0,0.00,0.00,0.00,0,0,0.00,0.00,0,0
1409514980,total,12775446.00,12774998.00,25550444.00,12774998,12775446,12403.00,12403.00,24806.00,12403,12403,0.00,0.00,0,0
1409514981,s1-eth1,6251410.00,136620.00,6388030.00,136620,6251410,4133.00,2070.00,6203.00,2070,4133,0.00,0.00,0,0
1409514981,s1-eth2,136620.00,6251410.00,6388030.00,6251410,136620,2070.00,4133.00,6203.00,4133,2070,0.00,0.00,0,0
1409514981,s2-eth1,6251410.00,136620.00,6388030.00,136620,6251410,4133.00,2070.00,6203.00,2070,4133,0.00,0.00,0,0
1409514981,s2-eth2,136686.00,6251994.00,6388680.00,6251994,136686,2071.00,4133.00,6204.00,4133,2071,0.00,0.00,0,0
1409514981,eth0,0.00,0.00,0.00,0,0,0.00,0.00,0.00,0,0,0.00,0.00,0,0
1409514981,lo,0.00,0.00,0.00,0,0,0.00,0.00,0.00,0,0,0.00,0.00,0,0
1409514981,total,12776126.00,12776644.00,25552770.00,12776644,12776126,12407.00,12406.00,24813.00,12406,12407,0.00,0.00,0,0
1409514982,s1-eth1,6251480.00,136690.00,6388170.00,136690,6251480,4134.00,2071.00,6205.00,2071,4134,0.00,0.00,0,0
1409514982,s1-eth2,136690.00,6253172.00,6389862.00,6253172,136690,2071.00,4136.00,6207.00,4136,2071,0.00,0.00,0,0
1409514982,s2-eth1,6253172.00,136690.00,6389862.00,136690,6253172,4136.00,2071.00,6207.00,2071,4136,0.00,0.00,0,0
1409514982,s2-eth2,136624.00,6251658.00,6388282.00,6251658,136624,2070.00,4135.00,6205.00,4135,2070,0.00,0.00,0,0
1409514982,eth0,0.00,0.00,0.00,0,0,0.00,0.00,0.00,0,0,0.00,0.00,0,0
1409514982,lo,1072.00,1072.00,2144.00,1072,1072,12.00,12.00,24.00,12,12,0.00,0.00,0,0
1409514982,total,12779038.00,12779282.00,25558320.00,12779282,12779038,12423.00,12425.00,24848.00,12425,12423,0.00,0.00,0,0
1409514983,s1-eth1,6251532.00,136620.00,6388152.00,136620,6251532,4134.00,2070.00,6204.00,2070,4134,0.00,0.00,0,0
1409514983,s1-eth2,136620.00,6251354.00,6387974.00,6251354,136620,2070.00,4133.00,6203.00,4133,2070,0.00,0.00,0,0
1409514983,s2-eth1,6251354.00,136620.00,6387974.00,136620,6251354,4133.00,2070.00,6203.00,2070,4133,0.00,0.00,0,0
1409514983,s2-eth2,136620.00,6251354.00,6387974.00,6251354,136620,2070.00,4133.00,6203.00,4133,2070,0.00,0.00,0,0
1409514983,eth0,0.00,0.00,0.00,0,0,0.00,0.00,0.00,0,0,0.00,0.00,0,0
1409514983,lo,0.00,0.00,0.00,0,0,0.00,0.00,0.00,0,0,0.00,0.00,0,0
1409514983,total,12776126.00,12775948.00,25552074.00,12775948,12776126,12407.00,12406.00,24813.00,12406,12407,0.00,0.00,0,0
1409514984,s1-eth1,6251354.00,136620.00,6387974.00,136620,6251354,4133.00,2070.00,6203.00,2070,4133,0.00,0.00,0,0
1409514984,s1-eth2,136620.00,6251354.00,6387974.00,6251354,136620,2070.00,4133.00,6203.00,4133,2070,0.00,0.00,0,0
1409514984,s2-eth1,6251354.00,136620.00,6387974.00,136620,6251354,4133.00,2070.00,6203.00,2070,4133,0.00,0.00,0,0
1409514984,s2-eth2,136686.00,6251354.00,6388040.00,6251354,136686,2071.00,4133.00,6204.00,4133,2071,0.00,0.00,0,0
1409514984,eth0,0.00,0.00,0.00,0,0,0.00,0.00,0.00,0,0,0.00,0.00,0,0
1409514984,lo,0.00,0.00,0.00,0,0,0.00,0.00,0.00,0,0,0.00,0.00,0,0
1409514984,total,12776014.00,12775948.00,25551962.00,12775948,12776014,12407.00,12406.00,24813.00,12406,12407,0.00,0.00,0,0
1409514985,s1-eth1,6252186.00,136488.00,6388674.00,136488,6252186,4133.00,2068.00,6201.00,2068,4133,0.00,0.00,0,0
1409514985,s1-eth2,136488.00,6250672.00,6387160.00,6250672,136488,2068.00,4132.00,6200.00,4132,2068,0.00,0.00,0,0
1409514985,s2-eth1,6250672.00,136488.00,6387160.00,136488,6250672,4132.00,2068.00,6200.00,2068,4132,0.00,0.00,0,0
1409514985,s2-eth2,136488.00,6250770.00,6387258.00,6250770,136488,2068.00,4133.00,6201.00,4133,2068,0.00,0.00,0,0
1409514985,eth0,0.00,0.00,0.00,0,0,0.00,0.00,0.00,0,0,0.00,0.00,0,0
1409514985,lo,0.00,0.00,0.00,0,0,0.00,0.00,0.00,0,0,0.00,0.00,0,0
1409514985,total,12775834.00,12774418.00,25550252.00,12774418,12775834,12401.00,12401.00,24802.00,12401,12401,0.00,0.00,0,0
1409514986,s1-eth1,6248494.00,136690.00,6385184.00,136690,6248494,4133.00,2071.00,6204.00,2071,4133,0.00,0.00,0,0
1409514986,s1-eth2,136690.00,6250008.00,6386698.00,6250008,136690,2071.00,4134.00,6205.00,4134,2071,0.00,0.00,0,0
1409514986,s2-eth1,6250008.00,136690.00,6386698.00,136690,6250008,4134.00,2071.00,6205.00,2071,4134,0.00,0.00,0,0
1409514986,s2-eth2,136624.00,6249910.00,6386534.00,6249910,136624,2070.00,4133.00,6203.00,4133,2070,0.00,0.00,0,0
1409514986,eth0,0.00,0.00,0.00,0,0,0.00,0.00,0.00,0,0,0.00,0.00,0,0
1409514986,lo,1072.00,1072.00,2144.00,1072,1072,12.00,12.00,24.00,12,12,0.00,0.00,0,0
1409514986,total,12772888.00,12774370.00,25547258.00,12774370,12772888,12420.00,12421.00,24841.00,12421,12420,0.00,0.00,0,0
1409514987,s1-eth1,6251410.00,136620.00,6388030.00,136620,6251410,4133.00,2070.00,6203.00,2070,4133,0.00,0.00,0,0
1409514987,s1-eth2,136620.00,6251410.00,6388030.00,6251410,136620,2070.00,4133.00,6203.00,4133,2070,0.00,0.00,0,0
1409514987,s2-eth1,6251410.00,136620.00,6388030.00,136620,6251410,4133.00,2070.00,6203.00,2070,4133,0.00,0.00,0,0
1409514987,s2-eth2,136620.00,6252924.00,6389544.00,6252924,136620,2070.00,4134.00,6204.00,4134,2070,0.00,0.00,0,0
1409514987,eth0,0.00,0.00,0.00,0,0,0.00,0.00,0.00,0,0,0.00,0.00,0,0
1409514987,lo,0.00,0.00,0.00,0,0,0.00,0.00,0.00,0,0,0.00,0.00,0,0
1409514987,total,12776060.00,12777574.00,25553634.00,12777574,12776060,12406.00,12407.00,24813.00,12407,12406,0.00,0.00,0,0
1409514988,s1-eth1,6233186.00,136224.00,6369410.00,136224,6233186,4121.00,2064.00,6185.00,2064,4121,0.00,0.00,0,0
1409514988,s1-eth2,136224.00,6233186.00,6369410.00,6233186,136224,2064.00,4121.00,6185.00,4121,2064,0.00,0.00,0,0
1409514988,s2-eth1,6233186.00,136224.00,6369410.00,136224,6233186,4121.00,2064.00,6185.00,2064,4121,0.00,0.00,0,0
1409514988,s2-eth2,136290.00,6231672.00,6367962.00,6231672,136290,2065.00,4120.00,6185.00,4120,2065,0.00,0.00,0,0
1409514988,eth0,0.00,0.00,0.00,0,0,0.00,0.00,0.00,0,0,0.00,0.00,0,0
1409514988,lo,0.00,0.00,0.00,0,0,0.00,0.00,0.00,0,0,0.00,0.00,0,0
1409514988,total,12738886.00,12737306.00,25476192.00,12737306,12738886,12371.00,12369.00,24740.00,12369,12371,0.00,0.00,0,0
1409514989,s1-eth1,6252116.00,136620.00,6388736.00,136620,6252116,4134.00,2070.00,6204.00,2070,4134,0.00,0.00,0,0
1409514989,s1-eth2,136686.00,6251532.00,6388218.00,6251532,136686,2071.00,4134.00,6205.00,4134,2071,0.00,0.00,0,0
1409514989,s2-eth1,6251532.00,136686.00,6388218.00,136686,6251532,4134.00,2071.00,6205.00,2071,4134,0.00,0.00,0,0
1409514989,s2-eth2,136620.00,6251532.00,6388152.00,6251532,136620,2070.00,4134.00,6204.00,4134,2070,0.00,0.00,0,0
1409514989,eth0,0.00,0.00,0.00,0,0,0.00,0.00,0.00,0,0,0.00,0.00,0,0
1409514989,lo,0.00,0.00,0.00,0,0,0.00,0.00,0.00,0,0,0.00,0.00,0,0
1409514989,total,12776954.00,12776370.00,25553324.00,12776370,12776954,12409.00,12409.00,24818.00,12409,12409,0.00,0.00,0,0
1409514990,s1-eth1,6250770.00,136752.00,6387522.00,136752,6250770,4133.00,2072.00,6205.00,2072,4133,0.00,0.00,0,0
1409514990,s1-eth2,136686.00,6251354.00,6388040.00,6251354,136686,2071.00,4133.00,6204.00,4133,2071,0.00,0.00,0,0
1409514990,s2-eth1,6251354.00,136686.00,6388040.00,136686,6251354,4133.00,2071.00,6204.00,2071,4133,0.00,0.00,0,0
1409514990,s2-eth2,136752.00,6251354.00,6388106.00,6251354,136752,2072.00,4133.00,6205.00,4133,2072,0.00,0.00,0,0
1409514990,eth0,0.00,0.00,0.00,0,0,0.00,0.00,0.00,0,0,0.00,0.00,0,0
1409514990,lo,344.00,344.00,688.00,344,344,6.00,6.00,12.00,6,6,0.00,0.00,0,0
1409514990,total,12775906.00,12776490.00,25552396.00,12776490,12775906,12415.00,12415.00,24830.00,12415,12415,0.00,0.00,0,0
1409514991,s1-eth1,6252040.00,136422.00,6388462.00,136422,6252040,4132.00,2067.00,6199.00,2067,4132,0.00,0.00,0,0
1409514991,s1-eth2,136422.00,6250526.00,6386948.00,6250526,136422,2067.00,4131.00,6198.00,4131,2067,0.00,0.00,0,0
1409514991,s2-eth1,6250526.00,136422.00,6386948.00,136422,6250526,4131.00,2067.00,6198.00,2067,4131,0.00,0.00,0,0
1409514991,s2-eth2,136356.00,6252040.00,6388396.00,6252040,136356,2066.00,4132.00,6198.00,4132,2066,0.00,0.00,0,0
1409514991,eth0,0.00,0.00,0.00,0,0,0.00,0.00,0.00,0,0,0.00,0.00,0,0
1409514991,lo,0.00,0.00,0.00,0,0,0.00,0.00,0.00,0,0,0.00,0.00,0,0
1409514991,total,12775344.00,12775410.00,25550754.00,12775410,12775344,12396.00,12397.00,24793.00,12397,12396,0.00,0.00,0,0
1409514992,s1-eth1,6251354.00,136290.00,6387644.00,136290,6251354,4133.00,2065.00,6198.00,2065,4133,0.00,0.00,0,0
1409514992,s1-eth2,136290.00,6251354.00,6387644.00,6251354,136290,2065.00,4133.00,6198.00,4133,2065,0.00,0.00,0,0
1409514992,s2-eth1,6251354.00,136290.00,6387644.00,136290,6251354,4133.00,2065.00,6198.00,2065,4133,0.00,0.00,0,0
1409514992,s2-eth2,136290.00,6251354.00,6387644.00,6251354,136290,2065.00,4133.00,6198.00,4133,2065,0.00,0.00,0,0
1409514992,eth0,0.00,0.00,0.00,0,0,0.00,0.00,0.00,0,0,0.00,0.00,0,0
1409514992,lo,0.00,0.00,0.00,0,0,0.00,0.00,0.00,0,0,0.00,0.00,0,0
1409514992,total,12775288.00,12775288.00,25550576.00,12775288,12775288,12396.00,12396.00,24792.00,12396,12396,0.00,0.00,0,0
1409514993,s1-eth1,6251532.00,136686.00,6388218.00,136686,6251532,4134.00,2071.00,6205.00,2071,4134,0.00,0.00,0,0
1409514993,s1-eth2,136686.00,6251532.00,6388218.00,6251532,136686,2071.00,4134.00,6205.00,4134,2071,0.00,0.00,0,0
1409514993,s2-eth1,6251532.00,136686.00,6388218.00,136686,6251532,4134.00,2071.00,6205.00,2071,4134,0.00,0.00,0,0
1409514993,s2-eth2,136686.00,6251532.00,6388218.00,6251532,136686,2071.00,4134.00,6205.00,4134,2071,0.00,0.00,0,0
1409514993,eth0,0.00,0.00,0.00,0,0,0.00,0.00,0.00,0,0,0.00,0.00,0,0
1409514993,lo,0.00,0.00,0.00,0,0,0.00,0.00,0.00,0,0,0.00,0.00,0,0
1409514993,total,12776436.00,12776436.00,25552872.00,12776436,12776436,12410.00,12410.00,24820.00,12410,12410,0.00,0.00,0,0
1409514994,s1-eth1,6251354.00,136620.00,6387974.00,136620,6251354,4133.00,2070.00,6203.00,2070,4133,0.00,0.00,0,0
1409514994,s1-eth2,136620.00,6251354.00,6387974.00,6251354,136620,2070.00,4133.00,6203.00,4133,2070,0.00,0.00,0,0
1409514994,s2-eth1,6251354.00,136620.00,6387974.00,136620,6251354,4133.00,2070.00,6203.00,2070,4133,0.00,0.00,0,0
1409514994,s2-eth2,136686.00,6251354.00,6388040.00,6251354,136686,2071.00,4133.00,6204.00,4133,2071,0.00,0.00,0,0
1409514994,eth0,0.00,0.00,0.00,0,0,0.00,0.00,0.00,0,0,0.00,0.00,0,0
1409514994,lo,0.00,0.00,0.00,0,0,0.00,0.00,0.00,0,0,0.00,0.00,0,0
1409514994,total,12776014.00,12775948.00,25551962.00,12775948,12776014,12407.00,12406.00,24813.00,12406,12407,0.00,0.00,0,0
1409514995,s1-eth1,6251354.00,136356.00,6387710.00,136356,6251354,4133.00,2066.00,6199.00,2066,4133,0.00,0.00,0,0
1409514995,s1-eth2,136356.00,6252868.00,6389224.00,6252868,136356,2066.00,4134.00,6200.00,4134,2066,0.00,0.00,0,0
1409514995,s2-eth1,6252868.00,136356.00,6389224.00,136356,6252868,4134.00,2066.00,6200.00,2066,4134,0.00,0.00,0,0
1409514995,s2-eth2,136356.00,6252284.00,6388640.00,6252284,136356,2066.00,4134.00,6200.00,4134,2066,0.00,0.00,0,0
1409514995,eth0,0.00,0.00,0.00,0,0,0.00,0.00,0.00,0,0,0.00,0.00,0,0
1409514995,lo,344.00,344.00,688.00,344,344,6.00,6.00,12.00,6,6,0.00,0.00,0,0
1409514995,total,12777278.00,12778208.00,25555486.00,12778208,12777278,12405.00,12406.00,24811.00,12406,12405,0.00,0.00,0,0
1409514996,s1-eth1,6251720.00,136686.00,6388406.00,136686,6251720,4136.00,2071.00,6207.00,2071,4136,0.00,0.00,0,0
1409514996,s1-eth2,136686.00,6251720.00,6388406.00,6251720,136686,2071.00,4136.00,6207.00,4136,2071,0.00,0.00,0,0
1409514996,s2-eth1,6251720.00,136686.00,6388406.00,136686,6251720,4136.00,2071.00,6207.00,2071,4136,0.00,0.00,0,0
1409514996,s2-eth2,136620.00,6250790.00,6387410.00,6250790,136620,2070.00,4135.00,6205.00,4135,2070,0.00,0.00,0,0
1409514996,eth0,0.00,0.00,0.00,0,0,0.00,0.00,0.00,0,0,0.00,0.00,0,0
1409514996,lo,0.00,0.00,0.00,0,0,0.00,0.00,0.00,0,0,0.00,0.00,0,0
1409514996,total,12776746.00,12775882.00,25552628.00,12775882,12776746,12413.00,12413.00,24826.00,12413,12413,0.00,0.00,0,0
1409514997,s1-eth1,6251862.00,136422.00,6388284.00,136422,6251862,4131.00,2067.00,6198.00,2067,4131,0.00,0.00,0,0
1409514997,s1-eth2,136488.00,6251278.00,6387766.00,6251278,136488,2068.00,4131.00,6199.00,4131,2068,0.00,0.00,0,0
1409514997,s2-eth1,6251278.00,136488.00,6387766.00,136488,6251278,4131.00,2068.00,6199.00,2068,4131,0.00,0.00,0,0
1409514997,s2-eth2,136488.00,6251278.00,6387766.00,6251278,136488,2068.00,4131.00,6199.00,4131,2068,0.00,0.00,0,0
1409514997,eth0,0.00,0.00,0.00,0,0,0.00,0.00,0.00,0,0,0.00,0.00,0,0
1409514997,lo,0.00,0.00,0.00,0,0,0.00,0.00,0.00,0,0,0.00,0.00,0,0
1409514997,total,12776116.00,12775466.00,25551582.00,12775466,12776116,12398.00,12397.00,24795.00,12397,12398,0.00,0.00,0,0
1409514998,s1-eth1,6248382.00,136620.00,6385002.00,136620,6248382,4131.00,2070.00,6201.00,2070,4131,0.00,0.00,0,0
1409514998,s1-eth2,136554.00,6247452.00,6384006.00,6247452,136554,2069.00,4130.00,6199.00,4130,2069,0.00,0.00,0,0
1409514998,s2-eth1,6247452.00,136554.00,6384006.00,136554,6247452,4130.00,2069.00,6199.00,2069,4130,0.00,0.00,0,0
1409514998,s2-eth2,136554.00,6251410.00,6387964.00,6251410,136554,2069.00,4133.00,6202.00,4133,2069,0.00,0.00,0,0
1409514998,eth0,0.00,0.00,0.00,0,0,0.00,0.00,0.00,0,0,0.00,0.00,0,0
1409514998,lo,0.00,0.00,0.00,0,0,0.00,0.00,0.00,0,0,0.00,0.00,0,0
1409514998,total,12768942.00,12772036.00,25540978.00,12772036,12768942,12399.00,12402.00,24801.00,12402,12399,0.00,0.00,0,0
1409514999,s1-eth1,6249896.00,136554.00,6386450.00,136554,6249896,4132.00,2069.00,6201.00,2069,4132,0.00,0.00,0,0
1409514999,s1-eth2,136554.00,6251410.00,6387964.00,6251410,136554,2069.00,4133.00,6202.00,4133,2069,0.00,0.00,0,0
1409514999,s2-eth1,6251410.00,136554.00,6387964.00,136554,6251410,4133.00,2069.00,6202.00,2069,4133,0.00,0.00,0,0
1409514999,s2-eth2,136554.00,6251994.00,6388548.00,6251994,136554,2069.00,4133.00,6202.00,4133,2069,0.00,0.00,0,0
1409514999,eth0,0.00,0.00,0.00,0,0,0.00,0.00,0.00,0,0,0.00,0.00,0,0
1409514999,lo,0.00,0.00,0.00,0,0,0.00,0.00,0.00,0,0,0.00,0.00,0,0
1409514999,total,12774414.00,12776512.00,25550926.00,12776512,12774414,12403.00,12404.00,24807.00,12404,12403,0.00,0.00,0,0
1409515000,s1-eth1,6252284.00,136686.00,6388970.00,136686,6252284,4134.00,2071.00,6205.00,2071,4134,0.00,0.00,0,0
1409515000,s1-eth2,136686.00,6250770.00,6387456.00,6250770,136686,2071.00,4133.00,6204.00,4133,2071,0.00,0.00,0,0
1409515000,s2-eth1,6250770.00,136686.00,6387456.00,136686,6250770,4133.00,2071.00,6204.00,2071,4133,0.00,0.00,0,0
1409515000,s2-eth2,136686.00,6250770.00,6387456.00,6250770,136686,2071.00,4133.00,6204.00,4133,2071,0.00,0.00,0,0
1409515000,eth0,0.00,0.00,0.00,0,0,0.00,0.00,0.00,0,0,0.00,0.00,0,0
1409515000,lo,344.00,344.00,688.00,344,344,6.00,6.00,12.00,6,6,0.00,0.00,0,0
1409515000,total,12776770.00,12775256.00,25552026.00,12775256,12776770,12415.00,12414.00,24829.00,12414,12415,0.00,0.00,0,0
1409515001,s1-eth1,6251364.00,136686.00,6388050.00,136686,6251364,4134.00,2071.00,6205.00,2071,4134,0.00,0.00,0,0
1409515001,s1-eth2,136686.00,6252878.00,6389564.00,6252878,136686,2071.00,4135.00,6206.00,4135,2071,0.00,0.00,0,0
1409515001,s2-eth1,6252878.00,136686.00,6389564.00,136686,6252878,4135.00,2071.00,6206.00,2071,4135,0.00,0.00,0,0
1409515001,s2-eth2,136686.00,6252294.00,6388980.00,6252294,136686,2071.00,4135.00,6206.00,4135,2071,0.00,0.00,0,0
1409515001,eth0,0.00,0.00,0.00,0,0,0.00,0.00,0.00,0,0,0.00,0.00,0,0
1409515001,lo,0.00,0.00,0.00,0,0,0.00,0.00,0.00,0,0,0.00,0.00,0,0
1409515001,total,12777614.00,12778544.00,25556158.00,12778544,12777614,12411.00,12412.00,24823.00,12412,12411,0.00,0.00,0,0
1409515002,s1-eth1,6252294.00,136620.00,6388914.00,136620,6252294,4135.00,2070.00,6205.00,2070,4135,0.00,0.00,0,0
1409515002,s1-eth2,136686.00,6250780.00,6387466.00,6250780,136686,2071.00,4134.00,6205.00,4134,2071,0.00,0.00,0,0
1409515002,s2-eth1,6250780.00,136686.00,6387466.00,136686,6250780,4134.00,2071.00,6205.00,2071,4134,0.00,0.00,0,0
1409515002,s2-eth2,136686.00,6251364.00,6388050.00,6251364,136686,2071.00,4134.00,6205.00,4134,2071,0.00,0.00,0,0
1409515002,eth0,0.00,0.00,0.00,0,0,0.00,0.00,0.00,0,0,0.00,0.00,0,0
1409515002,lo,0.00,0.00,0.00,0,0,0.00,0.00,0.00,0,0,0.00,0.00,0,0
1409515002,total,12776446.00,12775450.00,25551896.00,12775450,12776446,12411.00,12409.00,24820.00,12409,12411,0.00,0.00,0,0
1409515003,s1-eth1,6251532.00,136620.00,6388152.00,136620,6251532,4134.00,2070.00,6204.00,2070,4134,0.00,0.00,0,0
1409515003,s1-eth2,136620.00,6251532.00,6388152.00,6251532,136620,2070.00,4134.00,6204.00,4134,2070,0.00,0.00,0,0
1409515003,s2-eth1,6251532.00,136620.00,6388152.00,136620,6251532,4134.00,2070.00,6204.00,2070,4134,0.00,0.00,0,0
1409515003,s2-eth2,136620.00,6251532.00,6388152.00,6251532,136620,2070.00,4134.00,6204.00,4134,2070,0.00,0.00,0,0
1409515003,eth0,0.00,0.00,0.00,0,0,0.00,0.00,0.00,0,0,0.00,0.00,0,0
1409515003,lo,0.00,0.00,0.00,0,0,0.00,0.00,0.00,0,0,0.00,0.00,0,0
1409515003,total,12776304.00,12776304.00,25552608.00,12776304,12776304,12408.00,12408.00,24816.00,12408,12408,0.00,0.00,0,0
1409515004,s1-eth1,6251354.00,136686.00,6388040.00,136686,6251354,4133.00,2071.00,6204.00,2071,4133,0.00,0.00,0,0
1409515004,s1-eth2,136620.00,6252868.00,6389488.00,6252868,136620,2070.00,4134.00,6204.00,4134,2070,0.00,0.00,0,0
1409515004,s2-eth1,6252868.00,136620.00,6389488.00,136620,6252868,4134.00,2070.00,6204.00,2070,4134,0.00,0.00,0,0
1409515004,s2-eth2,136686.00,6252868.00,6389554.00,6252868,136686,2071.00,4134.00,6205.00,4134,2071,0.00,0.00,0,0
1409515004,eth0,0.00,0.00,0.00,0,0,0.00,0.00,0.00,0,0,0.00,0.00,0,0
1409515004,lo,0.00,0.00,0.00,0,0,0.00,0.00,0.00,0,0,0.00,0.00,0,0
1409515004,total,12777528.00,12779042.00,25556570.00,12779042,12777528,12408.00,12409.00,24817.00,12409,12408,0.00,0.00,0,0
1409515005,s1-eth1,6252522.00,136620.00,6389142.00,136620,6252522,4133.00,2070.00,6203.00,2070,4133,0.00,0.00,0,0
1409515005,s1-eth2,136620.00,6251008.00,6387628.00,6251008,136620,2070.00,4132.00,6202.00,4132,2070,0.00,0.00,0,0
1409515005,s2-eth1,6251008.00,136620.00,6387628.00,136620,6251008,4132.00,2070.00,6202.00,2070,4132,0.00,0.00,0,0
1409515005,s2-eth2,136554.00,6251008.00,6387562.00,6251008,136554,2069.00,4132.00,6201.00,4132,2069,0.00,0.00,0,0
1409515005,eth0,0.00,0.00,0.00,0,0,0.00,0.00,0.00,0,0,0.00,0.00,0,0
1409515005,lo,344.00,344.00,688.00,344,344,6.00,6.00,12.00,6,6,0.00,0.00,0,0
1409515005,total,12777048.00,12775600.00,25552648.00,12775600,12777048,12410.00,12410.00,24820.00,12410,12410,0.00,0.00,0,0
1409515006,s1-eth1,6250984.00,136554.00,6387538.00,136554,6250984,4132.00,2069.00,6201.00,2069,4132,0.00,0.00,0,0
1409515006,s1-eth2,136620.00,6250984.00,6387604.00,6250984,136620,2070.00,4132.00,6202.00,4132,2070,0.00,0.00,0,0
1409515006,s2-eth1,6250984.00,136620.00,6387604.00,136620,6250984,4132.00,2070.00,6202.00,2070,4132,0.00,0.00,0,0
1409515006,s2-eth2,136620.00,6250984.00,6387604.00,6250984,136620,2070.00,4132.00,6202.00,4132,2070,0.00,0.00,0,0
1409515006,eth0,0.00,0.00,0.00,0,0,0.00,0.00,0.00,0,0,0.00,0.00,0,0
1409515006,lo,0.00,0.00,0.00,0,0,0.00,0.00,0.00,0,0,0.00,0.00,0,0
1409515006,total,12775208.00,12775142.00,25550350.00,12775142,12775208,12404.00,12403.00,24807.00,12403,12404,0.00,0.00,0,0
1409515007,s1-eth1,6250480.00,136554.00,6387034.00,136554,6250480,4132.00,2069.00,6201.00,2069,4132,0.00,0.00,0,0
1409515007,s1-eth2,136488.00,6251410.00,6387898.00,6251410,136488,2068.00,4133.00,6201.00,4133,2068,0.00,0.00,0,0
1409515007,s2-eth1,6251410.00,136488.00,6387898.00,136488,6251410,4133.00,2068.00,6201.00,2068,4133,0.00,0.00,0,0
1409515007,s2-eth2,136488.00,6251410.00,6387898.00,6251410,136488,2068.00,4133.00,6201.00,4133,2068,0.00,0.00,0,0
1409515007,eth0,0.00,0.00,0.00,0,0,0.00,0.00,0.00,0,0,0.00,0.00,0,0
1409515007,lo,0.00,0.00,0.00,0,0,0.00,0.00,0.00,0,0,0.00,0.00,0,0
1409515007,total,12774866.00,12775862.00,25550728.00,12775862,12774866,12401.00,12403.00,24804.00,12403,12401,0.00,0.00,0,0
1409515008,s1-eth1,6251532.00,136686.00,6388218.00,136686,6251532,4134.00,2071.00,6205.00,2071,4134,0.00,0.00,0,0
1409515008,s1-eth2,136686.00,6252116.00,6388802.00,6252116,136686,2071.00,4134.00,6205.00,4134,2071,0.00,0.00,0,0
1409515008,s2-eth1,6252116.00,136686.00,6388802.00,136686,6252116,4134.00,2071.00,6205.00,2071,4134,0.00,0.00,0,0
1409515008,s2-eth2,136686.00,6252116.00,6388802.00,6252116,136686,2071.00,4134.00,6205.00,4134,2071,0.00,0.00,0,0
1409515008,eth0,0.00,0.00,0.00,0,0,0.00,0.00,0.00,0,0,0.00,0.00,0,0
1409515008,lo,0.00,0.00,0.00,0,0,0.00,0.00,0.00,0,0,0.00,0.00,0,0
1409515008,total,12777020.00,12777604.00,25554624.00,12777604,12777020,12410.00,12410.00,24820.00,12410,12410,0.00,0.00,0,0
1409515009,s1-eth1,6251354.00,136488.00,6387842.00,136488,6251354,4133.00,2068.00,6201.00,2068,4133,0.00,0.00,0,0
1409515009,s1-eth2,136488.00,6251354.00,6387842.00,6251354,136488,2068.00,4133.00,6201.00,4133,2068,0.00,0.00,0,0
1409515009,s2-eth1,6251354.00,136488.00,6387842.00,136488,6251354,4133.00,2068.00,6201.00,2068,4133,0.00,0.00,0,0
1409515009,s2-eth2,136488.00,6251354.00,6387842.00,6251354,136488,2068.00,4133.00,6201.00,4133,2068,0.00,0.00,0,0
1409515009,eth0,0.00,0.00,0.00,0,0,0.00,0.00,0.00,0,0,0.00,0.00,0,0
1409515009,lo,0.00,0.00,0.00,0,0,0.00,0.00,0.00,0,0,0.00,0.00,0,0
1409515009,total,12775684.00,12775684.00,25551368.00,12775684,12775684,12402.00,12402.00,24804.00,12402,12402,0.00,0.00,0,0
1409515010,s1-eth1,6252284.00,136620.00,6388904.00,136620,6252284,4134.00,2070.00,6204.00,2070,4134,0.00,0.00,0,0
1409515010,s1-eth2,136620.00,6250770.00,6387390.00,6250770,136620,2070.00,4133.00,6203.00,4133,2070,0.00,0.00,0,0
1409515010,s2-eth1,6250770.00,136620.00,6387390.00,136620,6250770,4133.00,2070.00,6203.00,2070,4133,0.00,0.00,0,0
1409515010,s2-eth2,136620.00,6250770.00,6387390.00,6250770,136620,2070.00,4133.00,6203.00,4133,2070,0.00,0.00,0,0
1409515010,eth0,0.00,0.00,0.00,0,0,0.00,0.00,0.00,0,0,0.00,0.00,0,0
1409515010,lo,344.00,344.00,688.00,344,344,6.00,6.00,12.00,6,6,0.00,0.00,0,0
1409515010,total,12776638.00,12775124.00,25551762.00,12775124,12776638,12413.00,12412.00,24825.00,12412,12413,0.00,0.00,0,0
1409515011,s1-eth1,6251232.00,136554.00,6387786.00,136554,6251232,4132.00,2069.00,6201.00,2069,4132,0.00,0.00,0,0
1409515011,s1-eth2,136554.00,6251232.00,6387786.00,6251232,136554,2069.00,4132.00,6201.00,4132,2069,0.00,0.00,0,0
1409515011,s2-eth1,6251232.00,136554.00,6387786.00,136554,6251232,4132.00,2069.00,6201.00,2069,4132,0.00,0.00,0,0
1409515011,s2-eth2,136554.00,6251232.00,6387786.00,6251232,136554,2069.00,4132.00,6201.00,4132,2069,0.00,0.00,0,0
1409515011,eth0,0.00,0.00,0.00,0,0,0.00,0.00,0.00,0,0,0.00,0.00,0,0
1409515011,lo,0.00,0.00,0.00,0,0,0.00,0.00,0.00,0,0,0.00,0.00,0,0
1409515011,total,12775572.00,12775572.00,25551144.00,12775572,12775572,12402.00,12402.00,24804.00,12402,12402,0.00,0.00,0,0
1409515012,s1-eth1,6251400.00,136554.00,6387954.00,136554,6251400,4132.00,2069.00,6201.00,2069,4132,0.00,0.00,0,0
1409515012,s1-eth2,136554.00,6251400.00,6387954.00,6251400,136554,2069.00,4132.00,6201.00,4132,2069,0.00,0.00,0,0
1409515012,s2-eth1,6251400.00,136554.00,6387954.00,136554,6251400,4132.00,2069.00,6201.00,2069,4132,0.00,0.00,0,0
1409515012,s2-eth2,136554.00,6251400.00,6387954.00,6251400,136554,2069.00,4132.00,6201.00,4132,2069,0.00,0.00,0,0
1409515012,eth0,0.00,0.00,0.00,0,0,0.00,0.00,0.00,0,0,0.00,0.00,0,0
1409515012,lo,0.00,0.00,0.00,0,0,0.00,0.00,0.00,0,0,0.00,0.00,0,0
1409515012,total,12775908.00,12775908.00,25551816.00,12775908,12775908,12402.00,12402.00,24804.00,12402,12402,0.00,0.00,0,0
1409515013,s1-eth1,6243906.00,136422.00,6380328.00,136422,6243906,4129.00,2067.00,6196.00,2067,4129,0.00,0.00,0,0
1409515013,s1-eth2,136422.00,6246934.00,6383356.00,6246934,136422,2067.00,4131.00,6198.00,4131,2067,0.00,0.00,0,0
1409515013,s2-eth1,6246934.00,136422.00,6383356.00,136422,6246934,4131.00,2067.00,6198.00,2067,4131,0.00,0.00,0,0
1409515013,s2-eth2,136488.00,6245420.00,6381908.00,6245420,136488,2068.00,4130.00,6198.00,4130,2068,0.00,0.00,0,0
1409515013,eth0,0.00,0.00,0.00,0,0,0.00,0.00,0.00,0,0,0.00,0.00,0,0
1409515013,lo,0.00,0.00,0.00,0,0,0.00,0.00,0.00,0,0,0.00,0.00,0,0
1409515013,total,12763750.00,12765198.00,25528948.00,12765198,12763750,12395.00,12395.00,24790.00,12395,12395,0.00,0.00,0,0
1409515014,s1-eth1,6252158.00,136662.00,6388820.00,136662,6252158,4135.00,2071.00,6206.00,2071,4135,0.00,0.00,0,0
1409515014,s1-eth2,136728.00,6252158.00,6388886.00,6252158,136728,2072.00,4135.00,6207.00,4135,2072,0.00,0.00,0,0
1409515014,s2-eth1,6252158.00,136728.00,6388886.00,136728,6252158,4135.00,2072.00,6207.00,2072,4135,0.00,0.00,0,0
1409515014,s2-eth2,136662.00,6251574.00,6388236.00,6251574,136662,2071.00,4135.00,6206.00,4135,2071,0.00,0.00,0,0
1409515014,eth0,0.00,0.00,0.00,0,0,0.00,0.00,0.00,0,0,0.00,0.00,0,0
1409515014,lo,592.00,592.00,1184.00,592,592,6.00,6.00,12.00,6,6,0.00,0.00,0,0
1409515014,total,12778298.00,12777714.00,25556012.00,12777714,12778298,12419.00,12419.00,24838.00,12419,12419,0.00,0.00,0,0
1409515015,s1-eth1,6230158.00,136224.00,6366382.00,136224,6230158,4119.00,2064.00,6183.00,2064,4119,0.00,0.00,0,0
1409515015,s1-eth2,136158.00,6230158.00,6366316.00,6230158,136158,2063.00,4119.00,6182.00,4119,2063,0.00,0.00,0,0
1409515015,s2-eth1,6230158.00,136158.00,6366316.00,136158,6230158,4119.00,2063.00,6182.00,2063,4119,0.00,0.00,0,0
1409515015,s2-eth2,136158.00,6230976.00,6367134.00,6230976,136158,2063.00,4120.00,6183.00,4120,2063,0.00,0.00,0,0
1409515015,eth0,0.00,0.00,0.00,0,0,0.00,0.00,0.00,0,0,0.00,0.00,0,0
1409515015,lo,0.00,0.00,0.00,0,0,0.00,0.00,0.00,0,0,0.00,0.00,0,0
1409515015,total,12732632.00,12733516.00,25466148.00,12733516,12732632,12364.00,12366.00,24730.00,12366,12364,0.00,0.00,0,0
1409515016,s1-eth1,6209358.00,135366.00,6344724.00,135366,6209358,4103.00,2051.00,6154.00,2051,4103,0.00,0.00,0,0
1409515016,s1-eth2,135366.00,6209358.00,6344724.00,6209358,135366,2051.00,4103.00,6154.00,4103,2051,0.00,0.00,0,0
1409515016,s2-eth1,6209358.00,135366.00,6344724.00,135366,6209358,4103.00,2051.00,6154.00,2051,4103,0.00,0.00,0,0
1409515016,s2-eth2,135432.00,6209124.00,6344556.00,6209124,135432,2052.00,4102.00,6154.00,4102,2052,0.00,0.00,0,0
1409515016,eth0,0.00,0.00,0.00,0,0,0.00,0.00,0.00,0,0,0.00,0.00,0,0
1409515016,lo,0.00,0.00,0.00,0,0,0.00,0.00,0.00,0,0,0.00,0.00,0,0
1409515016,total,12689514.00,12689214.00,25378728.00,12689214,12689514,12309.00,12307.00,24616.00,12307,12309,0.00,0.00,0,0
1409515017,s1-eth1,6252564.00,136620.00,6389184.00,136620,6252564,4134.00,2070.00,6204.00,2070,4134,0.00,0.00,0,0
1409515017,s1-eth2,136620.00,6252564.00,6389184.00,6252564,136620,2070.00,4134.00,6204.00,4134,2070,0.00,0.00,0,0
1409515017,s2-eth1,6252564.00,136620.00,6389184.00,136620,6252564,4134.00,2070.00,6204.00,2070,4134,0.00,0.00,0,0
1409515017,s2-eth2,136620.00,6252564.00,6389184.00,6252564,136620,2070.00,4134.00,6204.00,4134,2070,0.00,0.00,0,0
1409515017,eth0,0.00,0.00,0.00,0,0,0.00,0.00,0.00,0,0,0.00,0.00,0,0
1409515017,lo,0.00,0.00,0.00,0,0,0.00,0.00,0.00,0,0,0.00,0.00,0,0
1409515017,total,12778368.00,12778368.00,25556736.00,12778368,12778368,12408.00,12408.00,24816.00,12408,12408,0.00,0.00,0,0
1409515018,s1-eth1,6251410.00,136686.00,6388096.00,136686,6251410,4133.00,2071.00,6204.00,2071,4133,0.00,0.00,0,0
1409515018,s1-eth2,136686.00,6251410.00,6388096.00,6251410,136686,2071.00,4133.00,6204.00,4133,2071,0.00,0.00,0,0
1409515018,s2-eth1,6251410.00,136686.00,6388096.00,136686,6251410,4133.00,2071.00,6204.00,2071,4133,0.00,0.00,0,0
1409515018,s2-eth2,136620.00,6251410.00,6388030.00,6251410,136620,2070.00,4133.00,6203.00,4133,2070,0.00,0.00,0,0
1409515018,eth0,0.00,0.00,0.00,0,0,0.00,0.00,0.00,0,0,0.00,0.00,0,0
1409515018,lo,344.00,344.00,688.00,344,344,6.00,6.00,12.00,6,6,0.00,0.00,0,0
1409515018,total,12776470.00,12776536.00,25553006.00,12776536,12776470,12413.00,12414.00,24827.00,12414,12413,0.00,0.00,0,0
1409515019,s1-eth1,6250480.00,136620.00,6387100.00,136620,6250480,4132.00,2070.00,6202.00,2070,4132,0.00,0.00,0,0
1409515019,s1-eth2,136620.00,6251410.00,6388030.00,6251410,136620,2070.00,4133.00,6203.00,4133,2070,0.00,0.00,0,0
1409515019,s2-eth1,6251410.00,136620.00,6388030.00,136620,6251410,4133.00,2070.00,6203.00,2070,4133,0.00,0.00,0,0
1409515019,s2-eth2,136686.00,6251410.00,6388096.00,6251410,136686,2071.00,4133.00,6204.00,4133,2071,0.00,0.00,0,0
1409515019,eth0,0.00,0.00,0.00,0,0,0.00,0.00,0.00,0,0,0.00,0.00,0,0
1409515019,lo,0.00,0.00,0.00,0,0,0.00,0.00,0.00,0,0,0.00,0.00,0,0
1409515019,total,12775196.00,12776060.00,25551256.00,12776060,12775196,12406.00,12406.00,24812.00,12406,12406,0.00,0.00,0,0
1409515020,s1-eth1,6252284.00,136686.00,6388970.00,136686,6252284,4134.00,2071.00,6205.00,2071,4134,0.00,0.00,0,0
1409515020,s1-eth2,136686.00,6251354.00,6388040.00,6251354,136686,2071.00,4133.00,6204.00,4133,2071,0.00,0.00,0,0
1409515020,s2-eth1,6251354.00,136686.00,6388040.00,136686,6251354,4133.00,2071.00,6204.00,2071,4133,0.00,0.00,0,0
1409515020,s2-eth2,136620.00,6251354.00,6387974.00,6251354,136620,2070.00,4133.00,6203.00,4133,2070,0.00,0.00,0,0
1409515020,eth0,0.00,0.00,0.00,0,0,0.00,0.00,0.00,0,0,0.00,0.00,0,0
1409515020,lo,0.00,0.00,0.00,0,0,0.00,0.00,0.00,0,0,0.00,0.00,0,0
1409515020,total,12776944.00,12776080.00,25553024.00,12776080,12776944,12408.00,12408.00,24816.00,12408,12408,0.00,0.00,0,0
1409515021,s1-eth1,6251410.00,136620.00,6388030.00,136620,6251410,4133.00,2070.00,6203.00,2070,4133,0.00,0.00,0,0
1409515021,s1-eth2,136620.00,6251410.00,6388030.00,6251410,136620,2070.00,4133.00,6203.00,4133,2070,0.00,0.00,0,0
1409515021,s2-eth1,6251410.00,136620.00,6388030.00,136620,6251410,4133.00,2070.00,6203.00,2070,4133,0.00,0.00,0,0
1409515021,s2-eth2,136620.00,6251410.00,6388030.00,6251410,136620,2070.00,4133.00,6203.00,4133,2070,0.00,0.00,0,0
1409515021,eth0,0.00,0.00,0.00,0,0,0.00,0.00,0.00,0,0,0.00,0.00,0,0
1409515021,lo,0.00,0.00,0.00,0,0,0.00,0.00,0.00,0,0,0.00,0.00,0,0
1409515021,total,12776060.00,12776060.00,25552120.00,12776060,12776060,12406.00,12406.00,24812.00,12406,12406,0.00,0.00,0,0
1409515022,s1-eth1,6251410.00,136620.00,6388030.00,136620,6251410,4133.00,2070.00,6203.00,2070,4133,0.00,0.00,0,0
1409515022,s1-eth2,136554.00,6251410.00,6387964.00,6251410,136554,2069.00,4133.00,6202.00,4133,2069,0.00,0.00,0,0
1409515022,s2-eth1,6251410.00,136554.00,6387964.00,136554,6251410,4133.00,2069.00,6202.00,2069,4133,0.00,0.00,0,0
1409515022,s2-eth2,136620.00,6251410.00,6388030.00,6251410,136620,2070.00,4133.00,6203.00,4133,2070,0.00,0.00,0,0
1409515022,eth0,0.00,0.00,0.00,0,0,0.00,0.00,0.00,0,0,0.00,0.00,0,0
1409515022,lo,0.00,0.00,0.00,0,0,0.00,0.00,0.00,0,0,0.00,0.00,0,0
1409515022,total,12775994.00,12775994.00,25551988.00,12775994,12775994,12405.00,12405.00,24810.00,12405,12405,0.00,0.00,0,0
1409515023,s1-eth1,6249840.00,136554.00,6386394.00,136554,6249840,4132.00,2069.00,6201.00,2069,4132,0.00,0.00,0,0
1409515023,s1-eth2,136620.00,6249840.00,6386460.00,6249840,136620,2070.00,4132.00,6202.00,4132,2070,0.00,0.00,0,0
1409515023,s2-eth1,6249840.00,136620.00,6386460.00,136620,6249840,4132.00,2070.00,6202.00,2070,4132,0.00,0.00,0,0
1409515023,s2-eth2,136554.00,6249840.00,6386394.00,6249840,136554,2069.00,4132.00,6201.00,4132,2069,0.00,0.00,0,0
1409515023,eth0,0.00,0.00,0.00,0,0,0.00,0.00,0.00,0,0,0.00,0.00,0,0
1409515023,lo,344.00,344.00,688.00,344,344,6.00,6.00,12.00,6,6,0.00,0.00,0,0
1409515023,total,12773198.00,12773198.00,25546396.00,12773198,12773198,12409.00,12409.00,24818.00,12409,12409,0.00,0.00,0,0
1409515024,s1-eth1,6252924.00,136620.00,6389544.00,136620,6252924,4134.00,2070.00,6204.00,2070,4134,0.00,0.00,0,0
1409515024,s1-eth2,136686.00,6252924.00,6389610.00,6252924,136686,2071.00,4134.00,6205.00,4134,2071,0.00,0.00,0,0
1409515024,s2-eth1,6252924.00,136686.00,6389610.00,136686,6252924,4134.00,2071.00,6205.00,2071,4134,0.00,0.00,0,0
1409515024,s2-eth2,136686.00,6252924.00,6389610.00,6252924,136686,2071.00,4134.00,6205.00,4134,2071,0.00,0.00,0,0
1409515024,eth0,0.00,0.00,0.00,0,0,0.00,0.00,0.00,0,0,0.00,0.00,0,0
1409515024,lo,0.00,0.00,0.00,0,0,0.00,0.00,0.00,0,0,0.00,0.00,0,0
1409515024,total,12779220.00,12779154.00,25558374.00,12779154,12779220,12410.00,12409.00,24819.00,12409,12410,0.00,0.00,0,0
1409515025,s1-eth1,6251410.00,136686.00,6388096.00,136686,6251410,4133.00,2071.00,6204.00,2071,4133,0.00,0.00,0,0
1409515025,s1-eth2,136620.00,6251410.00,6388030.00,6251410,136620,2070.00,4133.00,6203.00,4133,2070,0.00,0.00,0,0
1409515025,s2-eth1,6251410.00,136620.00,6388030.00,136620,6251410,4133.00,2070.00,6203.00,2070,4133,0.00,0.00,0,0
1409515025,s2-eth2,136620.00,6251410.00,6388030.00,6251410,136620,2070.00,4133.00,6203.00,4133,2070,0.00,0.00,0,0
1409515025,eth0,0.00,0.00,0.00,0,0,0.00,0.00,0.00,0,0,0.00,0.00,0,0
1409515025,lo,0.00,0.00,0.00,0,0,0.00,0.00,0.00,0,0,0.00,0.00,0,0
1409515025,total,12776060.00,12776126.00,25552186.00,12776126,12776060,12406.00,12407.00,24813.00,12407,12406,0.00,0.00,0,0
1409515026,s1-eth1,6251364.00,136620.00,6387984.00,136620,6251364,4134.00,2070.00,6204.00,2070,4134,0.00,0.00,0,0
1409515026,s1-eth2,136686.00,6250780.00,6387466.00,6250780,136686,2071.00,4134.00,6205.00,4134,2071,0.00,0.00,0,0
1409515026,s2-eth1,6250780.00,136686.00,6387466.00,136686,6250780,4134.00,2071.00,6205.00,2071,4134,0.00,0.00,0,0
1409515026,s2-eth2,136686.00,6250780.00,6387466.00,6250780,136686,2071.00,4134.00,6205.00,4134,2071,0.00,0.00,0,0
1409515026,eth0,0.00,0.00,0.00,0,0,0.00,0.00,0.00,0,0,0.00,0.00,0,0
1409515026,lo,0.00,0.00,0.00,0,0,0.00,0.00,0.00,0,0,0.00,0.00,0,0
1409515026,total,12775516.00,12774866.00,25550382.00,12774866,12775516,12410.00,12409.00,24819.00,12409,12410,0.00,0.00,0,0
1409515027,s1-eth1,6250638.00,136554.00,6387192.00,136554,6250638,4131.00,2069.00,6200.00,2069,4131,0.00,0.00,0,0
1409515027,s1-eth2,136488.00,6251222.00,6387710.00,6251222,136488,2068.00,4131.00,6199.00,4131,2068,0.00,0.00,0,0
1409515027,s2-eth1,6251222.00,136488.00,6387710.00,136488,6251222,4131.00,2068.00,6199.00,2068,4131,0.00,0.00,0,0
1409515027,s2-eth2,136554.00,6251222.00,6387776.00,6251222,136554,2069.00,4131.00,6200.00,4131,2069,0.00,0.00,0,0
1409515027,eth0,0.00,0.00,0.00,0,0,0.00,0.00,0.00,0,0,0.00,0.00,0,0
1409515027,lo,0.00,0.00,0.00,0,0,0.00,0.00,0.00,0,0,0.00,0.00,0,0
1409515027,total,12774902.00,12775486.00,25550388.00,12775486,12774902,12399.00,12399.00,24798.00,12399,12399,0.00,0.00,0,0
1409515028,s1-eth1,6222644.00,136026.00,6358670.00,136026,6222644,4114.00,2061.00,6175.00,2061,4114,0.00,0.00,0,0
1409515028,s1-eth2,136092.00,6222644.00,6358736.00,6222644,136092,2062.00,4114.00,6176.00,4114,2062,0.00,0.00,0,0
1409515028,s2-eth1,6222644.00,136092.00,6358736.00,136092,6222644,4114.00,2062.00,6176.00,2062,4114,0.00,0.00,0,0
1409515028,s2-eth2,135960.00,6222644.00,6358604.00,6222644,135960,2060.00,4114.00,6174.00,4114,2060,0.00,0.00,0,0
1409515028,eth0,0.00,0.00,0.00,0,0,0.00,0.00,0.00,0,0,0.00,0.00,0,0
1409515028,lo,344.00,344.00,688.00,344,344,6.00,6.00,12.00,6,6,0.00,0.00,0,0
1409515028,total,12717684.00,12717750.00,25435434.00,12717750,12717684,12356.00,12357.00,24713.00,12357,12356,0.00,0.00,0,0
1409515029,s1-eth1,6252868.00,136686.00,6389554.00,136686,6252868,4134.00,2071.00,6205.00,2071,4134,0.00,0.00,0,0
1409515029,s1-eth2,136620.00,6252868.00,6389488.00,6252868,136620,2070.00,4134.00,6204.00,4134,2070,0.00,0.00,0,0
1409515029,s2-eth1,6252868.00,136620.00,6389488.00,136620,6252868,4134.00,2070.00,6204.00,2070,4134,0.00,0.00,0,0
1409515029,s2-eth2,136686.00,6252868.00,6389554.00,6252868,136686,2071.00,4134.00,6205.00,4134,2071,0.00,0.00,0,0
1409515029,eth0,150.00,150.00,300.00,150,150,2.00,2.00,4.00,2,2,0.00,0.00,0,0
1409515029,lo,0.00,0.00,0.00,0,0,0.00,0.00,0.00,0,0,0.00,0.00,0,0
1409515029,total,12779192.00,12779192.00,25558384.00,12779192,12779192,12411.00,12411.00,24822.00,12411,12411,0.00,0.00,0,0
1409515030,s1-eth1,6251532.00,136620.00,6388152.00,136620,6251532,4134.00,2070.00,6204.00,2070,4134,0.00,0.00,0,0
1409515030,s1-eth2,136620.00,6251532.00,6388152.00,6251532,136620,2070.00,4134.00,6204.00,4134,2070,0.00,0.00,0,0
1409515030,s2-eth1,6251532.00,136620.00,6388152.00,136620,6251532,4134.00,2070.00,6204.00,2070,4134,0.00,0.00,0,0
1409515030,s2-eth2,136620.00,6251532.00,6388152.00,6251532,136620,2070.00,4134.00,6204.00,4134,2070,0.00,0.00,0,0
1409515030,eth0,0.00,0.00,0.00,0,0,0.00,0.00,0.00,0,0,0.00,0.00,0,0
1409515030,lo,0.00,0.00,0.00,0,0,0.00,0.00,0.00,0,0,0.00,0.00,0,0
1409515030,total,12776304.00,12776304.00,25552608.00,12776304,12776304,12408.00,12408.00,24816.00,12408,12408,0.00,0.00,0,0
1409515031,s1-eth1,6251354.00,136686.00,6388040.00,136686,6251354,4133.00,2071.00,6204.00,2071,4133,0.00,0.00,0,0
1409515031,s1-eth2,136752.00,6251354.00,6388106.00,6251354,136752,2072.00,4133.00,6205.00,4133,2072,0.00,0.00,0,0
1409515031,s2-eth1,6251354.00,136752.00,6388106.00,136752,6251354,4133.00,2072.00,6205.00,2072,4133,0.00,0.00,0,0
1409515031,s2-eth2,136752.00,6251354.00,6388106.00,6251354,136752,2072.00,4133.00,6205.00,4133,2072,0.00,0.00,0,0
1409515031,eth0,0.00,0.00,0.00,0,0,0.00,0.00,0.00,0,0,0.00,0.00,0,0
1409515031,lo,0.00,0.00,0.00,0,0,0.00,0.00,0.00,0,0,0.00,0.00,0,0
1409515031,total,12776212.00,12776146.00,25552358.00,12776146,12776212,12410.00,12409.00,24819.00,12409,12410,0.00,0.00,0,0
1409515032,s1-eth1,6250592.00,136686.00,6387278.00,136686,6250592,4132.00,2071.00,6203.00,2071,4132,0.00,0.00,0,0
1409515032,s1-eth2,136620.00,6250592.00,6387212.00,6250592,136620,2070.00,4132.00,6202.00,4132,2070,0.00,0.00,0,0
1409515032,s2-eth1,6250592.00,136620.00,6387212.00,136620,6250592,4132.00,2070.00,6202.00,2070,4132,0.00,0.00,0,0
1409515032,s2-eth2,136686.00,6250592.00,6387278.00,6250592,136686,2071.00,4132.00,6203.00,4132,2071,0.00,0.00,0,0
1409515032,eth0,0.00,0.00,0.00,0,0,0.00,0.00,0.00,0,0,0.00,0.00,0,0
1409515032,lo,0.00,0.00,0.00,0,0,0.00,0.00,0.00,0,0,0.00,0.00,0,0
1409515032,total,12774490.00,12774490.00,25548980.00,12774490,12774490,12405.00,12405.00,24810.00,12405,12405,0.00,0.00,0,0
1409515033,s1-eth1,6251232.00,136554.00,6387786.00,136554,6251232,4132.00,2069.00,6201.00,2069,4132,0.00,0.00,0,0
1409515033,s1-eth2,136554.00,6251232.00,6387786.00,6251232,136554,2069.00,4132.00,6201.00,4132,2069,0.00,0.00,0,0
1409515033,s2-eth1,6251232.00,136554.00,6387786.00,136554,6251232,4132.00,2069.00,6201.00,2069,4132,0.00,0.00,0,0
1409515033,s2-eth2,136488.00,6251232.00,6387720.00,6251232,136488,2068.00,4132.00,6200.00,4132,2068,0.00,0.00,0,0
1409515033,eth0,0.00,0.00,0.00,0,0,0.00,0.00,0.00,0,0,0.00,0.00,0,0
1409515033,lo,344.00,344.00,688.00,344,344,6.00,6.00,12.00,6,6,0.00,0.00,0,0
1409515033,total,12775850.00,12775916.00,25551766.00,12775916,12775850,12407.00,12408.00,24815.00,12408,12407,0.00,0.00,0,0
1409515034,s1-eth1,6252284.00,136554.00,6388838.00,136554,6252284,4134.00,2069.00,6203.00,2069,4134,0.00,0.00,0,0
1409515034,s1-eth2,136554.00,6252284.00,6388838.00,6252284,136554,2069.00,4134.00,6203.00,4134,2069,0.00,0.00,0,0
1409515034,s2-eth1,6252284.00,136554.00,6388838.00,136554,6252284,4134.00,2069.00,6203.00,2069,4134,0.00,0.00,0,0
1409515034,s2-eth2,136554.00,6252284.00,6388838.00,6252284,136554,2069.00,4134.00,6203.00,4134,2069,0.00,0.00,0,0
1409515034,eth0,0.00,0.00,0.00,0,0,0.00,0.00,0.00,0,0,0.00,0.00,0,0
1409515034,lo,0.00,0.00,0.00,0,0,0.00,0.00,0.00,0,0,0.00,0.00,0,0
1409515034,total,12777676.00,12777676.00,25555352.00,12777676,12777676,12406.00,12406.00,24812.00,12406,12406,0.00,0.00,0,0
1409515035,s1-eth1,6250592.00,136620.00,6387212.00,136620,6250592,4132.00,2070.00,6202.00,2070,4132,0.00,0.00,0,0
1409515035,s1-eth2,136686.00,6250592.00,6387278.00,6250592,136686,2071.00,4132.00,6203.00,4132,2071,0.00,0.00,0,0
1409515035,s2-eth1,6250592.00,136686.00,6387278.00,136686,6250592,4132.00,2071.00,6203.00,2071,4132,0.00,0.00,0,0
1409515035,s2-eth2,136686.00,6250770.00,6387456.00,6250770,136686,2071.00,4133.00,6204.00,4133,2071,0.00,0.00,0,0
1409515035,eth0,0.00,0.00,0.00,0,0,0.00,0.00,0.00,0,0,0.00,0.00,0,0
1409515035,lo,0.00,0.00,0.00,0,0,0.00,0.00,0.00,0,0,0.00,0.00,0,0
1409515035,total,12774556.00,12774668.00,25549224.00,12774668,12774556,12406.00,12406.00,24812.00,12406,12406,0.00,0.00,0,0
1409515036,s1-eth1,6251354.00,136620.00,6387974.00,136620,6251354,4133.00,2070.00,6203.00,2070,4133,0.00,0.00,0,0
1409515036,s1-eth2,136620.00,6252284.00,6388904.00,6252284,136620,2070.00,4134.00,6204.00,4134,2070,0.00,0.00,0,0
1409515036,s2-eth1,6252284.00,136620.00,6388904.00,136620,6252284,4134.00,2070.00,6204.00,2070,4134,0.00,0.00,0,0
1409515036,s2-eth2,136620.00,6252106.00,6388726.00,6252106,136620,2070.00,4133.00,6203.00,4133,2070,0.00,0.00,0,0
1409515036,eth0,0.00,0.00,0.00,0,0,0.00,0.00,0.00,0,0,0.00,0.00,0,0
1409515036,lo,0.00,0.00,0.00,0,0,0.00,0.00,0.00,0,0,0.00,0.00,0,0
1409515036,total,12776878.00,12777630.00,25554508.00,12777630,12776878,12407.00,12407.00,24814.00,12407,12407,0.00,0.00,0,0
1409515037,s1-eth1,1386718.00,31812.00,1418530.00,31812,1386718,919.00,482.00,1401.00,482,919,0.00,0.00,0,0
1409515037,s1-eth2,33132.00,1320686.00,1353818.00,1320686,33132,502.00,875.00,1377.00,875,502,0.00,0.00,0,0
1409515037,s2-eth1,1320686.00,33132.00,1353818.00,33132,1320686,875.00,502.00,1377.00,502,875,0.00,0.00,0,0
1409515037,s2-eth2,34518.00,1255584.00,1290102.00,1255584,34518,523.00,832.00,1355.00,832,523,0.00,0.00,0,0
1409515037,eth0,0.00,0.00,0.00,0,0,0.00,0.00,0.00,0,0,0.00,0.00,0,0
1409515037,lo,0.00,0.00,0.00,0,0,0.00,0.00,0.00,0,0,0.00,0.00,0,0
1409515037,total,2775054.00,2641214.00,5416268.00,2641214,2775054,2819.00,2691.00,5510.00,2691,2819,0.00,0.00,0,0
1409515038,s1-eth1,0.00,0.00,0.00,0,0,0.00,0.00,0.00,0,0,0.00,0.00,0,0
1409515038,s1-eth2,0.00,0.00,0.00,0,0,0.00,0.00,0.00,0,0,0.00,0.00,0,0
1409515038,s2-eth1,0.00,0.00,0.00,0,0,0.00,0.00,0.00,0,0,0.00,0.00,0,0
1409515038,s2-eth2,0.00,0.00,0.00,0,0,0.00,0.00,0.00,0,0,0.00,0.00,0,0
1409515038,eth0,0.00,0.00,0.00,0,0,0.00,0.00,0.00,0,0,0.00,0.00,0,0
1409515038,lo,343.66,343.66,687.31,344,344,5.99,5.99,11.99,6,6,0.00,0.00,0,0
1409515038,total,343.66,343.66,687.31,344,344,5.99,5.99,11.99,6,6,0.00,0.00,0,0
1409515039,s1-eth1,0.00,0.00,0.00,0,0,0.00,0.00,0.00,0,0,0.00,0.00,0,0
1409515039,s1-eth2,0.00,0.00,0.00,0,0,0.00,0.00,0.00,0,0,0.00,0.00,0,0
1409515039,s2-eth1,0.00,0.00,0.00,0,0,0.00,0.00,0.00,0,0,0.00,0.00,0,0
1409515039,s2-eth2,0.00,0.00,0.00,0,0,0.00,0.00,0.00,0,0,0.00,0.00,0,0
1409515039,eth0,0.00,0.00,0.00,0,0,0.00,0.00,0.00,0,0,0.00,0.00,0,0
1409515039,lo,0.00,0.00,0.00,0,0,0.00,0.00,0.00,0,0,0.00,0.00,0,0
1409515039,total,0.00,0.00,0.00,0,0,0.00,0.00,0.00,0,0,0.00,0.00,0,0
1409515040,s1-eth1,0.00,0.00,0.00,0,0,0.00,0.00,0.00,0,0,0.00,0.00,0,0
1409515040,s1-eth2,0.00,0.00,0.00,0,0,0.00,0.00,0.00,0,0,0.00,0.00,0,0
1409515040,s2-eth1,0.00,0.00,0.00,0,0,0.00,0.00,0.00,0,0,0.00,0.00,0,0
1409515040,s2-eth2,0.00,0.00,0.00,0,0,0.00,0.00,0.00,0,0,0.00,0.00,0,0
1409515040,eth0,0.00,0.00,0.00,0,0,0.00,0.00,0.00,0,0,0.00,0.00,0,0
1409515040,lo,0.00,0.00,0.00,0,0,0.00,0.00,0.00,0,0,0.00,0.00,0,0
1409515040,total,0.00,0.00,0.00,0,0,0.00,0.00,0.00,0,0,0.00,0.00,0,0
1409515041,s1-eth1,0.00,0.00,0.00,0,0,0.00,0.00,0.00,0,0,0.00,0.00,0,0
1409515041,s1-eth2,0.00,0.00,0.00,0,0,0